,Count,roc_auc_train_H_PWM,roc_auc_train_H_PWM_di,roc_auc_test_H_PWM,roc_auc_test_H_PWM_di,roc_auc_test_M_PWM,roc_auc_test_M_PWM_di,roc_auc_train_H,mean_auc_train_H,median_auc_train_H,std_auc_train_H,roc_auc_test_H,mean_auc_test_H,median_auc_test_H,std_auc_test_H,roc_auc_test_M,mean_auc_test_M,median_auc_test_M,std_auc_test_M,pr_auc_train_H,mean_pr_auc_train_H,median_pr_auc_train_H,std_pr_auc_train_H,pr_auc_test_H,mean_pr_auc_test_H,median_pr_auc_test_H,std_pr_auc_test_H,pr_auc_test_M,mean_pr_auc_test_M,median_pr_auc_test_M,std_pr_auc_test_M,pr_auc_train_H_PWM,pr_auc_train_H_PWM_di,pr_auc_test_H_PWM,pr_auc_test_H_PWM_di,pr_auc_test_M_PWM,pr_auc_test_M_PWM_di,TF_name,Model,PWM,Seq_count_positives,Seq_count_random,Seq_count_alien,Seq_count_shades
0,34,0.9578524578746018,0,0.9600187566143342,0,0.7645811837754539,0,0.9720650488246512,0,0,0,0.972476431440484,0,0,0,0.7053296164008808,0,0,0,0.3416420043018344,0,0,0,0.3401401347360248,0,0,0,0.0360797687431221,0,0,0,0.1815861661366319,0,0.1938997296387326,0,0.0429557098885925,0,LEUTX,RandomForestClassifier,mono,7223,722300,510293,14388
1,20,0.9448462387849051,0,0.938991841458295,0,0.913939540551947,0,0.9765799204049485,0,0,0,0.9722803505569908,0,0,0,0.9406859897671188,0,0,0,0.3825523801111484,0,0,0,0.3413208892193585,0,0,0,0.2439699444904872,0,0,0,0.1712454895106966,0,0.1652373728710399,0,0.1402251128305032,0,FBXL19,RandomForestClassifier,mono,6182,618200,479884,11728
2,40,0.8660992644316604,0,0.8726930025782766,0,0.7936707105172212,0,0.9253622217813926,0,0,0,0.9213877515941812,0,0,0,0.725565865710021,0,0,0,0.3158422357701162,0,0,0,0.258445578039414,0,0,0,0.0631137591249812,0,0,0,0.193064833934855,0,0.2115619003875326,0,0.0563881901861471,0,ZBED5,RandomForestClassifier,mono,1535,153500,153500,3009
3,20,0.890119359027438,0,0.8850458240806955,0,0.79207344922106,0,0.938914242161918,0,0,0,0.9047210094471,0,0,0,0.7270735569827708,0,0,0,0.7982961866018311,0,0,0,0.6799830081235785,0,0,0,0.1001762140476078,0,0,0,0.6741265801410297,0,0.5885296897696228,0,0.0852602253586636,0,ZFAT,RandomForestClassifier,mono,326,32600,32600,507
4,26,0.8767678705497323,0,0.7943478598416231,0,0.4977174708141662,0,0.9660241371157412,0,0,0,0.9381093111122614,0,0,0,0.5500769293543862,0,0,0,0.8838016831130024,0,0,0,0.8101035380181038,0,0,0,0.0459735739898678,0,0,0,0.7538585216621014,0,0.6544562483537449,0,0.0406926971793019,0,ZSCAN2,RandomForestClassifier,mono,278,27800,27800,546
5,34,0.987980052579342,0,0.98911640291168,0,0.6902609124663805,0,0.9914566031541912,0,0,0,0.9916341337886224,0,0,0,0.7056256646809752,0,0,0,0.7809747597283965,0,0,0,0.7724835427108317,0,0,0,0.0543419377949493,0,0,0,0.7451025251762594,0,0.7564627799010352,0,0.0492816882254152,0,LEF1,RandomForestClassifier,mono,5752,575200,513934,11333
6,35,0.9639756064358244,0,0.9640624098008148,0,0.8648558906600183,0,0.9759863495142084,0,0,0,0.975465777274785,0,0,0,0.884020190078574,0,0,0,0.4556500092414602,0,0,0,0.454578704069852,0,0,0,0.0857994826177407,0,0,0,0.3260956610452029,0,0.3417920363416977,0,0.0739360180534118,0,ZNF395,RandomForestClassifier,mono,9400,940000,477367,17638
7,39,0.9124521084601868,0,0.9197587091675176,0,0.932324958034976,0,0.9567760103260268,0,0,0,0.9549034069611236,0,0,0,0.8991578951882258,0,0,0,0.3680138108427173,0,0,0,0.3221101143188517,0,0,0,0.3398718544254662,0,0,0,0.2694730259309435,0,0.2801409221784851,0,0.3201698568642304,0,ZFTA,RandomForestClassifier,mono,2326,232600,232600,4601
8,20,0.972409305579106,0,0.9706867612112436,0,0.8517473361926713,0,0.9850835628099284,0,0,0,0.9823538616051084,0,0,0,0.807683311732753,0,0,0,0.7653525982855174,0,0,0,0.7294144583264589,0,0,0,0.1583604722721775,0,0,0,0.4245752249005141,0,0.4244677214317011,0,0.0828327708279928,0,FOSL2,RandomForestClassifier,mono,4532,453200,453200,8989
9,22,0.7876623523653333,0,0.7830479684968032,0,0.7559064825128091,0,0.8125176944372946,0,0,0,0.8072282964742988,0,0,0,0.7608670082423703,0,0,0,0.3699243929183549,0,0,0,0.3399989030774847,0,0,0,0.3040267293124354,0,0,0,0.3011296377460199,0,0.2955784569059455,0,0.3021214964045666,0,ZNF226,RandomForestClassifier,mono,4429,442900,442900,8537
10,27,0.8760825350972704,0,0.8777494784580498,0,0.8582179104551977,0,0.9296299255190364,0,0,0,0.9264961128747796,0,0,0,0.8766812009227519,0,0,0,0.4390971130377025,0,0,0,0.4006260189915379,0,0,0,0.3302599780738824,0,0,0,0.2558351468443162,0,0.2668531119629951,0,0.216359623702191,0,ZNF407,RandomForestClassifier,mono,1575,157500,157500,3050
11,20,0.9143069151852142,0,0.9102481289050752,0,0.8955635389745612,0,0.9810533757972868,0,0,0,0.953465994520365,0,0,0,0.903493829405286,0,0,0,0.8798915972650546,0,0,0,0.7935259496339926,0,0,0,0.380320168447205,0,0,0,0.767143526329641,0,0.7346965865416515,0,0.4028600272191752,0,ZNF260,RandomForestClassifier,mono,346,34600,34600,682
12,20,0.9543331820423276,0,0.9527366784132518,0,0.4718162566940783,0,0.9658789608441288,0,0,0,0.9670411157124552,0,0,0,0.5617787487226782,0,0,0,0.8135248271755737,0,0,0,0.7959894207708288,0,0,0,0.0336333286644941,0,0,0,0.6382165060336414,0,0.6433824280658746,0,0.0261418042264457,0,DNTTIP1,RandomForestClassifier,mono,2476,247600,247600,4824
13,41,0.8894676343556238,0,0.8858444787908172,0,0.7365814817791349,0,0.9298439023612524,0,0,0,0.9305999245808418,0,0,0,0.7097463749854528,0,0,0,0.6967103723281242,0,0,0,0.6677216230703645,0,0,0,0.1367404783342787,0,0,0,0.5982170399630397,0,0.6070495649026021,0,0.1372314815198109,0,JRK,RandomForestClassifier,mono,1833,183300,183300,3408
14,33,0.9300145729118868,0,0.9364140856259195,0,0.8596696193119276,0,0.9557046735555264,0,0,0,0.9568537292342492,0,0,0,0.845490968692008,0,0,0,0.6965473168003149,0,0,0,0.6855792599881564,0,0,0,0.1881522890836846,0,0,0,0.5608255026660538,0,0.5781892943981745,0,0.1252623220642034,0,ZNF471,RandomForestClassifier,mono,2613,261300,261300,5130
15,25,0.8031099774931049,0,0.7953242399183181,0,0.7547353163950966,0,0.8978588478029352,0,0,0,0.8712555006724417,0,0,0,0.7455041049050516,0,0,0,0.2539135593691541,0,0,0,0.1643139037337206,0,0,0,0.0403026813227881,0,0,0,0.0498096454009151,0,0.0443364772712054,0,0.0306874714569936,0,ZBTB8A,RandomForestClassifier,mono,1272,127200,127200,2528
16,23,0.9231780663976952,0,0.9238804926891392,0,0.8715461010140505,0,0.9486274858189429,0,0,0,0.9471309501139176,0,0,0,0.8867795004629724,0,0,0,0.6301313651018267,0,0,0,0.6299240355925205,0,0,0,0.43593128265965,0,0,0,0.5201272552807142,0,0.5426102920955953,0,0.3720147206409077,0,ZNF251,RandomForestClassifier,mono,6019,601900,503019,11921
17,29,0.9621880776857962,0,0.9633745611888392,0,0.9379903358489652,0,0.9688573246950352,0,0,0,0.969028994953922,0,0,0,0.9403937550049746,0,0,0,0.476323507898841,0,0,0,0.4765729130919178,0,0,0,0.7252758183424447,0,0,0,0.4010742176797907,0,0.413980448996076,0,0.7037929529320133,0,ZNF493,RandomForestClassifier,mono,11361,1136100,497035,22543
18,34,0.9315122843948488,0,0.9346462065473676,0,0.5637049866734002,0,0.9710207348785036,0,0,0,0.970283969288101,0,0,0,0.5852194113800463,0,0,0,0.542906416597206,0,0,0,0.5291648974896758,0,0,0,0.0435333923485861,0,0,0,0.3156060343768798,0,0.3230179143824594,0,0.0375392422438891,0,VDR,RandomForestClassifier,mono,4617,461700,461700,9129
19,20,0.8561876495606185,0,0.8513493776193157,0,0.6073411813846578,0,0.9447316706549498,0,0,0,0.9214974797231084,0,0,0,0.7891242657885287,0,0,0,0.6973235605450492,0,0,0,0.5991922040025133,0,0,0,0.1603753307043848,0,0,0,0.2074096964953077,0,0.1983603015075394,0,0.0194384704225126,0,ZNF322,RandomForestClassifier,mono,876,87600,87600,1718
20,28,0.9622674680119176,0,0.960377355256318,0,0.7871058151590097,0,0.9843332173865896,0,0,0,0.9804268871795212,0,0,0,0.8096702044522217,0,0,0,0.7924790486286782,0,0,0,0.7794868022293692,0,0,0,0.3485829443893076,0,0,0,0.5151693400611302,0,0.5340065676400724,0,0.2122868364849793,0,NACC2,RandomForestClassifier,mono,4038,403800,403800,7975
21,40,0.8178759737499444,0,0.8255109983825145,0,0.6339861749282594,0,0.9453386856349364,0,0,0,0.9489469875444734,0,0,0,0.7600762969432219,0,0,0,0.6792769267567558,0,0,0,0.6704630916486617,0,0,0,0.1844371879353082,0,0,0,0.4229910660290212,0,0.4340780438812532,0,0.0660139085171723,0,ZNF107,RandomForestClassifier,mono,2324,232400,232400,4601
22,27,0.7896982776468616,0,0.778240872573233,0,0.7386491710130174,0,0.8736473438694609,0,0,0,0.863970227308462,0,0,0,0.7351036924760759,0,0,0,0.1887564022552985,0,0,0,0.1451879563193787,0,0,0,0.0419324208015309,0,0,0,0.0819261869789587,0,0.0753875848221839,0,0.026915665759331,0,ZNF648,RandomForestClassifier,mono,6362,636200,497161,12500
23,20,0.934026751413046,0,0.9388322919089254,0,0.555414143598616,0,0.9452742538323828,0,0,0,0.9485473720580044,0,0,0,0.65032223183391,0,0,0,0.4926906748996146,0,0,0,0.505762345967926,0,0,0,0.1561347715349547,0,0,0,0.3375909283673202,0,0.3562874051103905,0,0.175042225320691,0,CAMTA2,RandomForestClassifier,mono,7908,790800,498492,15647
24,28,0.9429108632383202,0,0.9520955738914548,0,0.5410985328920103,0,0.968272871914476,0,0,0,0.9715717463926424,0,0,0,0.5419083047479634,0,0,0,0.7435477379580139,0,0,0,0.7631825688538008,0,0,0,0.0466593443580999,0,0,0,0.6386201638412791,0,0.6989005197337678,0,0.0395897993246567,0,ZNF841,RandomForestClassifier,mono,1966,196600,196600,3905
25,46,0.7774512964365433,0,0.7962565647344197,0,0.7032526361197924,0,0.8963334437779018,0,0,0,0.8938552190771553,0,0,0,0.5943033618488552,0,0,0,0.517470139804681,0,0,0,0.4655703317819019,0,0,0,0.0357964830579457,0,0,0,0.302563852597579,0,0.3268217909945285,0,0.0517320286021801,0,TIGD4,RandomForestClassifier,mono,779,77900,77900,1518
26,31,0.7863798321422852,0,0.7617233123991403,0,0.7925115360848735,0,0.8342810417986507,0,0,0,0.8324874849237212,0,0,0,0.7714315356212009,0,0,0,0.3555838937386591,0,0,0,0.3191577246595985,0,0,0,0.2231366996990736,0,0,0,0.2036880851305027,0,0.2024624812119014,0,0.1744360894733093,0,ZNF470,RandomForestClassifier,mono,2701,270100,270100,5246
27,35,0.7790436961250493,0,0.7879212225971398,0,0.7358955869505049,0,0.9269743128515416,0,0,0,0.92359283187634,0,0,0,0.7541891815837324,0,0,0,0.3834376969036804,0,0,0,0.3598284667270181,0,0,0,0.107344125956709,0,0,0,0.1682404701292091,0,0.1928782820645064,0,0.0730904496265663,0,ZNF510,RandomForestClassifier,mono,3967,396700,396700,7835
28,24,0.8863325227827271,0,0.8911633198267698,0,0.9382744936160468,0,0.935698300615198,0,0,0,0.9362754383681984,0,0,0,0.9397287342441956,0,0,0,0.1545285856896245,0,0,0,0.1512804460725347,0,0,0,0.0843250954031853,0,0,0,0.0602108840437436,0,0.0643022771416737,0,0.0805972953904678,0,ZNF384,RandomForestClassifier,mono,6652,665200,511606,13169
29,26,0.9640769800002276,0,0.9638271097247304,0,0.8568012311080353,0,0.9684930015986348,0,0,0,0.9672517722412148,0,0,0,0.8568556853550712,0,0,0,0.6914967975023669,0,0,0,0.676934123126129,0,0,0,0.2989440230860857,0,0,0,0.6528770307731149,0,0.64913162285033,0,0.2739890484952986,0,CTCF,RandomForestClassifier,mono,11114,1111400,496510,22024
30,20,0.9607056895679044,0,0.949906470769784,0,0.8962961262791148,0,0.9674139871596782,0,0,0,0.963753269639714,0,0,0,0.8661161750673604,0,0,0,0.8654691961427009,0,0,0,0.8361551096682575,0,0,0,0.4769890788076796,0,0,0,0.7866891219748077,0,0.7733187022828764,0,0.4584337713026276,0,ZNF134,RandomForestClassifier,mono,2715,271500,271500,5385
31,20,0.916075144866864,0,0.9174000676850314,0,0.8435591727203875,0,0.967436278387574,0,0,0,0.9675971357108208,0,0,0,0.8825486444661136,0,0,0,0.4273891426314697,0,0,0,0.4269990514102652,0,0,0,0.2434336328102368,0,0,0,0.1224811623306041,0,0.1211472620348469,0,0.0831554774485318,0,KDM2A,RandomForestClassifier,mono,20339,2033900,442873,36229
32,32,0.9454231243401762,0,0.9466665284136012,0,0.7523029897315824,0,0.9627887949329428,0,0,0,0.9620358661728976,0,0,0,0.8021565130585044,0,0,0,0.4603569756351243,0,0,0,0.4409728570536145,0,0,0,0.0529903605704916,0,0,0,0.3001391029112101,0,0.2916012220285742,0,0.0264666732997729,0,TPRX1,RandomForestClassifier,mono,7887,788700,509610,15710
33,25,0.9506148796193072,0,0.9525605182603892,0,0.8684583367630335,0,0.968779240328983,0,0,0,0.9694917040584744,0,0,0,0.8799040178464133,0,0,0,0.3702990781893558,0,0,0,0.364706243124735,0,0,0,0.1333045576526793,0,0,0,0.2233108922579175,0,0.2292184063073417,0,0.0935871108949074,0,ELF3,RandomForestClassifier,mono,18174,1817400,483322,36079
34,23,0.9235151440200604,0,0.925824232981448,0,0.6591204166951268,0,0.9578642815451692,0,0,0,0.9494134485979784,0,0,0,0.6494949242605016,0,0,0,0.5360370775790851,0,0,0,0.4858707697689478,0,0,0,0.0164695827167953,0,0,0,0.3358704693906719,0,0.3326032193016961,0,0.0094312263177012,0,SRY,RandomForestClassifier,mono,1852,185200,185200,3575
35,43,0.8896150960341425,0,0.8795173923213649,0,0.8852465694325174,0,0.924853218052118,0,0,0,0.9134249521122032,0,0,0,0.8601200121047378,0,0,0,0.5291054725192078,0,0,0,0.4784370068155139,0,0,0,0.1574523778819595,0,0,0,0.400275822839663,0,0.4148387811818077,0,0.0864728162702145,0,ZNF131,RandomForestClassifier,mono,1419,141900,141900,2782
36,102,0.838402956086354,0,0.844793163352269,0,0.6692299492632048,0,0.9044966217270786,0,0,0,0.9072170856014636,0,0,0,0.7120070588641471,0,0,0,0.2077238666571816,0,0,0,0.1715633576753958,0,0,0,0.0367946877349401,0,0,0,0.0798643300078763,0,0.0868232016496923,0,0.0311810769797215,0,SALL3,RandomForestClassifier,mono,5315,531500,513470,10541
37,20,0.9528224135802468,0,0.9523698757685156,0,0.7180046549385445,0,0.9746376975308644,0,0,0,0.970157065903597,0,0,0,0.655241698700872,0,0,0,0.8396016666255153,0,0,0,0.7657370098788568,0,0,0,0.0555578317292158,0,0,0,0.6537430735990193,0,0.6518292115362297,0,0.0532113953073036,0,PRDM10,RandomForestClassifier,mono,794,79400,79400,1534
38,27,0.9958844077043626,0,0.995494361526548,0,0.8949699454186206,0,0.996841055258297,0,0,0,0.9960199621443572,0,0,0,0.8419585676271425,0,0,0,0.9089822897830812,0,0,0,0.9074935391211484,0,0,0,0.2757518345917931,0,0,0,0.8556075214912293,0,0.8653988113792729,0,0.2947987433134245,0,NFKB1,RandomForestClassifier,mono,8969,896900,507424,17858
39,28,0.9382523456616678,0,0.9449482551590292,0,0.9144855163151308,0,0.9481632556284044,0,0,0,0.9495978191997388,0,0,0,0.9137301974909192,0,0,0,0.4846439075768596,0,0,0,0.4576136866895054,0,0,0,0.571608519271583,0,0,0,0.3834168952551839,0,0.3908146710632173,0,0.440991531222685,0,ZNF726,RandomForestClassifier,mono,4042,404200,404200,8049
40,20,0.8998027446272627,0,0.8628956656454938,0,0.7102669573259347,0,0.96841030529859,0,0,0,0.8514431152372188,0,0,0,0.6957679746333729,0,0,0,0.8211259362759815,0,0,0,0.670164121822163,0,0,0,0.2472371173593327,0,0,0,0.7648065280962065,0,0.6567965560488138,0,0.2278971950985949,0,GLI4,RandomForestClassifier,mono,293,29300,29300,578
41,20,0.9372335403847204,0,0.9437951734854068,0,0.793145626878646,0,0.9488429548737322,0,0,0,0.9519733487526154,0,0,0,0.7847559870550161,0,0,0,0.6710544963383916,0,0,0,0.632494391740188,0,0,0,0.3362989278745348,0,0,0,0.5670421531384253,0,0.5719932912263672,0,0.3211680028484716,0,ZNF20,RandomForestClassifier,mono,1274,127400,127400,2518
42,18,0.8359712247324613,0,0.8042698458297424,0,0.6251096959799762,0,0.9588768133174792,0,0,0,0.8955162948067286,0,0,0,0.7044439611462139,0,0,0,0.7019255489453724,0,0,0,0.542031823589944,0,0,0,0.222505676171492,0,0,0,0.4148618058708477,0,0.3435581852007798,0,0.1473830669492293,0,ZNF264,RandomForestClassifier,mono,177,17700,17700,346
43,23,0.9520280075799628,0,0.95635874535036,0,0.9102525241586804,0,0.962096914202034,0,0,0,0.9629968907442704,0,0,0,0.927791801314924,0,0,0,0.4562886948184101,0,0,0,0.4419190577644351,0,0,0,0.4385710643761953,0,0,0,0.294952165320538,0,0.3128264634232116,0,0.3144609222799363,0,ZNF780B,RandomForestClassifier,mono,5790,579000,508069,11494
44,29,0.934034713405924,0,0.9375248263024843,0,0.8389247165714646,0,0.9775785929717198,0,0,0,0.9778486507383988,0,0,0,0.8596982715346195,0,0,0,0.5527690839481152,0,0,0,0.5679922769751771,0,0,0,0.2100233231311545,0,0,0,0.3029824683087497,0,0.3373564409344927,0,0.1678511052497421,0,FLI1,RandomForestClassifier,mono,16616,1661600,473157,32916
45,48,0.8168663326995388,0,0.8126161713403228,0,0.8117427070739567,0,0.9139008319528452,0,0,0,0.9081712798600876,0,0,0,0.8235959949875727,0,0,0,0.4034076365439432,0,0,0,0.3668200569393767,0,0,0,0.0771001305765836,0,0,0,0.2317218121450612,0,0.2259343961310695,0,0.062320402615236,0,CAMTA1,RandomForestClassifier,mono,2257,225700,225700,4400
46,25,0.8760031441989603,0,0.8709997143380218,0,0.694382370394687,0,0.9244837635869564,0,0,0,0.9050945505637484,0,0,0,0.7003092724931189,0,0,0,0.5525854254070507,0,0,0,0.5069905189842261,0,0,0,0.1142377819662232,0,0,0,0.4216161386212771,0,0.4267691575904698,0,0.0882655180692086,0,CREB3L3,RandomForestClassifier,mono,1592,159200,159200,3104
47,27,0.948887199194155,0,0.9506703711411648,0,0.7915934900908584,0,0.9575027797055152,0,0,0,0.9570260164922572,0,0,0,0.7325675770641286,0,0,0,0.6369373046771183,0,0,0,0.6135480994662494,0,0,0,0.0737628159579345,0,0,0,0.5220685904553235,0,0.5426132210228918,0,0.0750771131722146,0,ZSCAN25,RandomForestClassifier,mono,1916,191600,191600,3794
48,20,0.8994041298482711,0,0.8947769644240703,0,0.6698526435672069,0,0.9596391255785748,0,0,0,0.9454679025697316,0,0,0,0.6567896154041558,0,0,0,0.7697391339526729,0,0,0,0.6698279246479397,0,0,0,0.1405591411368433,0,0,0,0.3148488334479758,0,0.2976262899042339,0,0.0090830272521713,0,ZNF234,RandomForestClassifier,mono,704,70400,70400,1338
49,25,0.976843800628462,0,0.9788315152535498,0,0.7361739727524337,0,0.9872124514782702,0,0,0,0.9841445930183048,0,0,0,0.6994703550241321,0,0,0,0.8102431735648241,0,0,0,0.7703602896060132,0,0,0,0.0776551045605196,0,0,0,0.7457215845978562,0,0.7391770816134465,0,0.0736004005820881,0,TIGD3,RandomForestClassifier,mono,2672,267200,267200,5304
50,39,0.7940605768353556,0,0.7994409370422363,0,0.8041601692413509,0,0.8727395117882417,0,0,0,0.8601165437698364,0,0,0,0.8396360360510928,0,0,0,0.2503802108823358,0,0,0,0.1893692449887176,0,0,0,0.0699057885268194,0,0,0,0.107255511008093,0,0.1268279612924496,0,0.0379603277936168,0,RLF,RandomForestClassifier,mono,1024,102400,102400,2002
51,23,0.935738430600741,0,0.9361627010795796,0,0.8910599534122985,0,0.9449976598612558,0,0,0,0.9447092197069163,0,0,0,0.8983374419751506,0,0,0,0.17021527541131,0,0,0,0.1654782381637788,0,0,0,0.1510029326207855,0,0,0,0.1345960867961778,0,0.1337506340519725,0,0.1318359007703131,0,ZNF367,RandomForestClassifier,mono,31393,3139300,483400,62547
52,38,0.937707896255149,0,0.9488915026894336,0,0.8188761905462159,0,0.9738033678165546,0,0,0,0.968092787631332,0,0,0,0.7466643465936306,0,0,0,0.7535167804229023,0,0,0,0.6964058635246723,0,0,0,0.0688191718468172,0,0,0,0.6508090027072995,0,0.6371663015999344,0,0.0648855358050561,0,MSANTD1,RandomForestClassifier,mono,1313,131300,131300,2614
53,28,0.9429979750423164,0,0.9451031255007744,0,0.7538720995865368,0,0.9698735661032865,0,0,0,0.970342967808003,0,0,0,0.7865552564024433,0,0,0,0.8879010944657948,0,0,0,0.8829572090412003,0,0,0,0.323236873980015,0,0,0,0.8402688735230346,0,0.846366563252423,0,0.2713666452730743,0,ZBTB40,RandomForestClassifier,mono,3143,314300,314300,6265
54,24,0.921605739616077,0,0.917127979403345,0,0.5662516499374441,0,0.9651131542930425,0,0,0,0.9597190084452084,0,0,0,0.5861701347210614,0,0,0,0.4396032397302163,0,0,0,0.3955297828952239,0,0,0,0.0143515913118008,0,0,0,0.182815073859921,0,0.1834922370147462,0,0.013004067108622,0,MKX,RandomForestClassifier,mono,1983,198300,198300,3888
55,58,0.9211147333382256,0,0.9491839691181876,0,0.927946249711575,0,0.9707370714717156,0,0,0,0.965657442096602,0,0,0,0.9678878502818506,0,0,0,0.5055429787276717,0,0,0,0.4477207918727978,0,0,0,0.2771589546830666,0,0,0,0.2008375750520183,0,0.2423734122013068,0,0.1294129741894449,0,ZNF362,RandomForestClassifier,mono,478,47800,47800,947
56,26,0.982776676942468,0,0.9854956488214855,0,0.5804516684394979,0,0.9876796290242972,0,0,0,0.9884786897148852,0,0,0,0.5472343189051248,0,0,0,0.8711107806309013,0,0,0,0.8755030845568552,0,0,0,0.0145728043896687,0,0,0,0.8234533132132432,0,0.844662506148244,0,0.0161041912380832,0,PAX7,RandomForestClassifier,mono,3945,394500,394500,7866
57,36,0.937968499143509,0,0.940326190753255,0,0.7014351264215327,0,0.95641761451264,0,0,0,0.957188785511457,0,0,0,0.6778393785364812,0,0,0,0.5373233137336162,0,0,0,0.528399903954989,0,0,0,0.074027677617226,0,0,0,0.3775459843120285,0,0.406993290423122,0,0.0569194100017709,0,ZNF48,RandomForestClassifier,mono,3652,365200,365200,7177
58,20,0.7760235758159701,0,0.766948419341695,0,0.6802503508091077,0,0.9153688164047566,0,0,0,0.8874222403805272,0,0,0,0.7848674582188588,0,0,0,0.3413028701620397,0,0,0,0.2020687238497755,0,0,0,0.0334007310190607,0,0,0,0.0637757515075284,0,0.0576988780248389,0,0.011223572233312,0,SP100,RandomForestClassifier,mono,672,67200,67200,1254
59,24,0.8899782076963036,0,0.8891258621728588,0,0.7217172871066866,0,0.981565600108842,0,0,0,0.980597791247053,0,0,0,0.7802097915119637,0,0,0,0.6232582384348487,0,0,0,0.61166129089266,0,0,0,0.0821238617811248,0,0,0,0.3057769022588587,0,0.3078569884927309,0,0.0500181357641527,0,GABPA,RandomForestClassifier,mono,8634,863400,492529,17136
60,28,0.9055299322637664,0,0.9083343115957696,0,0.6970819608143524,0,0.9477550055528042,0,0,0,0.9484881655328856,0,0,0,0.7375606499948935,0,0,0,0.4955727645533541,0,0,0,0.4984108270289467,0,0,0,0.1188185034740443,0,0,0,0.3571335151441681,0,0.390032444824111,0,0.0894821144271652,0,ZNF347,RandomForestClassifier,mono,3762,376200,376200,7299
61,20,0.8074631947736887,0,0.7858128204668507,0,0.768571888381086,0,0.8897645758547863,0,0,0,0.826559037613396,0,0,0,0.6166984140886008,0,0,0,0.4896077580065884,0,0,0,0.2489744185665796,0,0,0,0.030669428258925,0,0,0,0.2188737912138884,0,0.2069337909327068,0,0.0429028092928829,0,ZNF770,RandomForestClassifier,mono,334,33400,33400,655
62,21,0.9531147346291512,0,0.9522779340183884,0,0.952818592138856,0,0.971051429637512,0,0,0,0.9541670565170364,0,0,0,0.9801407763029611,0,0,0,0.8879044662609542,0,0,0,0.8616357194062142,0,0,0,0.8613207245807079,0,0,0,0.8309046044101799,0,0.8469350077091472,0,0.8452340683762002,0,ZNF436,RandomForestClassifier,mono,860,86000,86000,1719
63,36,0.9309820618921396,0,0.923830812242296,0,0.9003797226973266,0,0.9528912291234852,0,0,0,0.9428069729275174,0,0,0,0.8380140111081994,0,0,0,0.6399789616551651,0,0,0,0.5521492299268049,0,0,0,0.1002906853289218,0,0,0,0.4859579013666781,0,0.4679906776052249,0,0.1160248143096525,0,SLC2A4RG,RandomForestClassifier,mono,768,76800,76800,1505
64,20,0.8421923700827406,0,0.833326728204878,0,0.7657881410973085,0,0.8868728607199884,0,0,0,0.866665587373153,0,0,0,0.8041662568762067,0,0,0,0.3266761088057195,0,0,0,0.2409864980363957,0,0,0,0.1067983827465896,0,0,0,0.1414596754846621,0,0.1473123222567086,0,0.0463541569208558,0,ZBTB41,RandomForestClassifier,mono,1343,134300,134300,2642
65,24,0.9793933830638648,0,0.9718670497229476,0,0.8513305770917908,0,0.9841015489035853,0,0,0,0.9815134372169536,0,0,0,0.8405771730745761,0,0,0,0.9250149168587304,0,0,0,0.9033715287246936,0,0,0,0.2114747111892692,0,0,0,0.8789230370589337,0,0.8757535729402096,0,0.208333770700225,0,FIZ1,RandomForestClassifier,mono,1096,109600,109600,2155
66,20,0.9289675890380366,0,0.936440064590542,0,0.9295667413768804,0,0.961851706632027,0,0,0,0.9596224529027296,0,0,0,0.9587149540145752,0,0,0,0.8521609787133116,0,0,0,0.8399648116468488,0,0,0,0.6897885016452246,0,0,0,0.6910420564958577,0,0.6842731206622705,0,0.5160057448572505,0,ZNF250,RandomForestClassifier,mono,1275,127500,127500,2536
67,30,0.9133540833048676,0,0.9077863278186576,0,0.828993894124236,0,0.9564345367614312,0,0,0,0.9480071739673194,0,0,0,0.8422591361992913,0,0,0,0.4023995469890148,0,0,0,0.3528171957429928,0,0,0,0.0744464649043314,0,0,0,0.200631464825008,0,0.2094010099105028,0,0.0296558947881747,0,CXXC4,RandomForestClassifier,mono,3232,323200,323200,6302
68,26,0.9798962012296598,0,0.978379510861906,0,0.6780262356951546,0,0.9882497087647928,0,0,0,0.97870694949008,0,0,0,0.5832767226686145,0,0,0,0.9350957382749382,0,0,0,0.9084919501077204,0,0,0,0.0464394550916388,0,0,0,0.8758568766947377,0,0.8703002452207103,0,0.029177966648723,0,ZNF233,RandomForestClassifier,mono,2169,216900,216900,4269
69,20,0.9171619715528574,0,0.9181243799603176,0,0.7584019822368717,0,0.9405218600662376,0,0,0,0.9370702239229024,0,0,0,0.7204823639811355,0,0,0,0.7523513680512928,0,0,0,0.6915693536126729,0,0,0,0.0575061461755407,0,0,0,0.5591422066590592,0,0.5982857871806624,0,0.0506650068926748,0,ZNF142,RandomForestClassifier,mono,336,33600,33600,670
70,35,0.9658033575298904,0,0.9695076510060814,0,0.8015769218766501,0,0.9784547601410768,0,0,0,0.9802069012801544,0,0,0,0.7718884074419082,0,0,0,0.6707457631901516,0,0,0,0.6789312628047829,0,0,0,0.0495567726085582,0,0,0,0.5193502234142706,0,0.5318688114000434,0,0.0425238263880468,0,MYF6,RandomForestClassifier,mono,7995,799500,503302,15904
71,68,0.8574746840613878,0,0.8575325579801927,0,0.7403174923270023,0,0.937601976148522,0,0,0,0.9307911506765596,0,0,0,0.733117957879125,0,0,0,0.2476155447944261,0,0,0,0.20855058802258,0,0,0,0.0275931883763116,0,0,0,0.1024311805103894,0,0.1028246370292982,0,0.0279324395265427,0,SOX2,RandomForestClassifier,mono,5603,560300,498482,10773
72,30,0.9342663558792924,0,0.9324462352022114,0,0.6447110637934724,0,0.979703733610822,0,0,0,0.9707104260561265,0,0,0,0.6647569084476401,0,0,0,0.7549730429033382,0,0,0,0.5979551916455264,0,0,0,0.0290353701024332,0,0,0,0.400508358972207,0,0.3773149663244607,0,0.0160182813260608,0,ZNF500,RandomForestClassifier,mono,645,64500,64500,1232
73,34,0.9747424863663666,0,0.9822097530196504,0,0.7694025241521931,0,0.998949029085876,0,0,0,0.9942232621570553,0,0,0,0.6044731826714691,0,0,0,0.9875334000953409,0,0,0,0.9558501345794124,0,0,0,0.0975731968694398,0,0,0,0.953557674330794,0,0.932467911748748,0,0.1464071536183197,0,FLYWCH1,RandomForestClassifier,mono,774,77400,77400,79
74,28,0.817657129623686,0,0.8290000533846758,0,0.7852336044113103,0,0.8808817096304769,0,0,0,0.880559879423364,0,0,0,0.8023586236054611,0,0,0,0.2887786588901318,0,0,0,0.2597799724189272,0,0,0,0.0880996482573978,0,0,0,0.1469784854136631,0,0.1508134622731292,0,0.0535164072955252,0,PRDM5,RandomForestClassifier,mono,3708,370800,370800,7252
75,20,0.9399836127519507,0,0.9334528177902282,0,0.8877391196583716,0,0.961114713556262,0,0,0,0.944029715202302,0,0,0,0.8845471742612593,0,0,0,0.482308247024633,0,0,0,0.3933870312586952,0,0,0,0.1010255792653284,0,0,0,0.2892332808352196,0,0.2830539009238926,0,0.0728660963903951,0,FAM200B,RandomForestClassifier,mono,887,88700,88700,1753
76,28,0.9105987818724228,0,0.9048554832933438,0,0.7262683540064655,0,0.9348737570922784,0,0,0,0.9262384519364504,0,0,0,0.7235977138202854,0,0,0,0.1971549607323627,0,0,0,0.1633452981330961,0,0,0,0.0321831175011267,0,0,0,0.1072822694529687,0,0.1008611342353144,0,0.0312225715144012,0,ZNF831,RandomForestClassifier,mono,4962,496200,496200,9763
77,20,0.9568698923514046,0,0.9592263150910488,0,0.7122490919422818,0,0.970557251180766,0,0,0,0.971090275319122,0,0,0,0.6995067199374534,0,0,0,0.5488515463538586,0,0,0,0.5502895166669798,0,0,0,0.0271099047885117,0,0,0,0.4198244377691977,0,0.4441467064392717,0,0.0250680464984215,0,ZBED9,RandomForestClassifier,mono,7744,774400,508820,15372
78,33,0.9479201776998276,0,0.948773769478778,0,0.7263070180770801,0,0.9587522085302445,0,0,0,0.958151652390016,0,0,0,0.7300883657489281,0,0,0,0.4779801296201897,0,0,0,0.4691799653876011,0,0,0,0.0992826621675237,0,0,0,0.3831868279106411,0,0.3845965153761338,0,0.0933948075411909,0,YY1,RandomForestClassifier,mono,8195,819500,501287,16143
79,32,0.957357458847492,0,0.957285594321152,0,0.769074145707482,0,0.9688830939612822,0,0,0,0.9686820670498438,0,0,0,0.773802845265314,0,0,0,0.371649878746031,0,0,0,0.3505885471984376,0,0,0,0.0368813125775644,0,0,0,0.2819497542686194,0,0.2810254743182154,0,0.0244457285601267,0,MAX,RandomForestClassifier,mono,12534,1253400,464783,24361
80,52,0.8305667608323982,0,0.838771734427204,0,0.5900198468142412,0,0.9075994643310578,0,0,0,0.89836454625562,0,0,0,0.6315901186768791,0,0,0,0.4006542313183284,0,0,0,0.3871791971928936,0,0,0,0.0162173414594871,0,0,0,0.1693172858835921,0,0.1841399708252334,0,0.0138079714867348,0,ZNF292,RandomForestClassifier,mono,4097,409700,409700,8019
81,32,0.897224631577271,0,0.8973916440786266,0,0.6245955735809949,0,0.9335800426615696,0,0,0,0.9303870999801231,0,0,0,0.6384917839205995,0,0,0,0.3406150277492313,0,0,0,0.3273716226428229,0,0,0,0.0539427703434494,0,0,0,0.2011331003465329,0,0.2263593445528168,0,0.0597285382600863,0,RORB,RandomForestClassifier,mono,3354,335400,335400,6565
82,27,0.869478431753703,0,0.8460505489349445,0,0.8202793441072805,0,0.932934394846561,0,0,0,0.906906606883407,0,0,0,0.8489203159966041,0,0,0,0.2232685653089461,0,0,0,0.1744890873410841,0,0,0,0.1429315133039897,0,0,0,0.074605812033731,0,0.0661562556731264,0,0.0908443154654456,0,TET3,RandomForestClassifier,mono,2783,278300,278300,5426
83,38,0.8845080032856579,0,0.8857609203443839,0,0.7963443427894367,0,0.9437302067826334,0,0,0,0.941472082122666,0,0,0,0.8176074552152389,0,0,0,0.3170516110275681,0,0,0,0.2625856071124877,0,0,0,0.0465189408022442,0,0,0,0.0889556827745942,0,0.0862570456043334,0,0.0433952046336225,0,SP140L,RandomForestClassifier,mono,4031,403100,403100,7840
84,34,0.8454124761936583,0,0.7942453686200378,0,0.7910678581026606,0,0.9728280263289786,0,0,0,0.9355538752362949,0,0,0,0.9122865896264444,0,0,0,0.7996429672565918,0,0,0,0.6258846509848147,0,0,0,0.6721878555210764,0,0,0,0.501606445591328,0,0.3450328723933031,0,0.61385389197219,0,ZFP3,RandomForestClassifier,mono,115,11500,11500,229
85,52,0.7444200281595417,0,0.7456753551511461,0,0.7411819068627159,0,0.8774139360102603,0,0,0,0.8794326062318696,0,0,0,0.8367521744794255,0,0,0,0.257110135048629,0,0,0,0.2430201919602866,0,0,0,0.140483220251744,0,0,0,0.0886736626909381,0,0.0945378255584192,0,0.031202809483718,0,ZNF43,RandomForestClassifier,mono,9714,971400,509094,19356
86,34,0.9486417513542326,0,0.9447305320731676,0,0.5765369730263021,0,0.9546881638326272,0,0,0,0.951364996861052,0,0,0,0.5688560803502021,0,0,0,0.725854890027407,0,0,0,0.6757146100414354,0,0,0,0.0140948784260237,0,0,0,0.5491427528251405,0,0.5366435101857371,0,0.0151780173932165,0,ZNF35,RandomForestClassifier,mono,1705,170500,170500,3382
87,31,0.9082359252192966,0,0.9063307884029372,0,0.8694649923105996,0,0.9317203687341856,0,0,0,0.9273048004384282,0,0,0,0.8628244449165243,0,0,0,0.2761952661884143,0,0,0,0.2480494980495596,0,0,0,0.0770336228733057,0,0,0,0.1631018444556842,0,0.1507565318161055,0,0.0540967777769532,0,GCM1,RandomForestClassifier,mono,5735,573500,496942,11313
88,55,0.9087565205503878,0,0.9067374161251898,0,0.8086861818446093,0,0.9293078961837128,0,0,0,0.924678994306009,0,0,0,0.7961296290942134,0,0,0,0.1924232265794079,0,0,0,0.1733882956190159,0,0,0,0.0495751706813774,0,0,0,0.1423516693255005,0,0.1432602426339681,0,0.0493375617939589,0,PRDM13,RandomForestClassifier,mono,6143,614300,501896,12186
89,31,0.9836612814976388,0,0.9768205165364112,0,0.704783361609087,0,0.9906811788985098,0,0,0,0.9806456291082244,0,0,0,0.6781856152017709,0,0,0,0.8571165268218661,0,0,0,0.7915337117777204,0,0,0,0.1741598844016236,0,0,0,0.7309513864743624,0,0.7266086059933206,0,0.1687135973162921,0,TERF1,RandomForestClassifier,mono,695,69500,69500,1307
90,20,0.784772864518262,0,0.7902624625256228,0,0.7406837881028921,0,0.8888268021667722,0,0,0,0.8826328462498916,0,0,0,0.7186785779616738,0,0,0,0.5318129596563956,0,0,0,0.522285736670503,0,0,0,0.095852715312469,0,0,0,0.3986405344211265,0,0.4249889983129721,0,0.1090386865255935,0,RFX5,RandomForestClassifier,mono,774,77400,77400,1485
91,33,0.98232012730977,0,0.9823319771587052,0,0.814014870416749,0,0.988900704752804,0,0,0,0.9873637091887796,0,0,0,0.808213053667034,0,0,0,0.8672471942870766,0,0,0,0.8539762425177181,0,0,0,0.13176482557585,0,0,0,0.8036911772234872,0,0.8164571327524678,0,0.1179735686926347,0,DMTF1,RandomForestClassifier,mono,2737,273700,273700,5421
92,20,0.8190024594907407,0,0.8657742745535715,0,0.744890042666991,0,0.915632655767747,0,0,0,0.8931218112244897,0,0,0,0.7499227448404099,0,0,0,0.4876504959627765,0,0,0,0.3125105352386461,0,0,0,0.0394928366661051,0,0,0,0.2415934938539719,0,0.2813269407717746,0,0.0404566919505766,0,ZBTB8B,RandomForestClassifier,mono,224,22400,22400,413
93,47,0.9082586744411496,0,0.9086607575363504,0,0.6723086363757346,0,0.9443050999295592,0,0,0,0.9404227936644408,0,0,0,0.6491107898727441,0,0,0,0.3812116798711919,0,0,0,0.3490584570337755,0,0,0,0.0181913379980258,0,0,0,0.1595820840785562,0,0.1569646547966711,0,0.0093163070846233,0,SOX15,RandomForestClassifier,mono,3394,339400,339400,6649
94,20,0.8330471451730089,0,0.8313807172796753,0,0.7053181516509043,0,0.9024931462988376,0,0,0,0.8817071037879649,0,0,0,0.7614893952822057,0,0,0,0.287261249127452,0,0,0,0.1925150655827803,0,0,0,0.0417162940464482,0,0,0,0.09924803517237,0,0.0979473307203369,0,0.0403709546170029,0,ZNF215,RandomForestClassifier,mono,1057,105700,105700,2071
95,20,0.9186526767569771,0,0.9280988387096776,0,0.6366649229391012,0,0.9690320736137592,0,0,0,0.9638148345473464,0,0,0,0.6726032599047066,0,0,0,0.7201920927298364,0,0,0,0.6530592546092013,0,0,0,0.0260655515224444,0,0,0,0.3983123637086974,0,0.4092756813538993,0,0.0220437669434097,0,BATF2,RandomForestClassifier,mono,775,77500,77500,1500
96,47,0.7603943276545229,0,0.7674465112912288,0,0.8191367726763356,0,0.905948095297704,0,0,0,0.9062245476170792,0,0,0,0.8088475591702046,0,0,0,0.2204129625272198,0,0,0,0.2203885782383119,0,0,0,0.1015113793067643,0,0,0,0.1530430368788533,0,0.1697888343353466,0,0.115445252977985,0,ZNF335,RandomForestClassifier,mono,12096,1209600,491862,23719
97,47,0.945643445392972,0,0.94672162654689,0,0.769274897390201,0,0.9641293412435896,0,0,0,0.9606634221141328,0,0,0,0.7756354486624003,0,0,0,0.3548191214316815,0,0,0,0.3360077788094948,0,0,0,0.036763026590567,0,0,0,0.2019437268824996,0,0.2225759783988609,0,0.0262979058948007,0,MYPOP,RandomForestClassifier,mono,3104,310400,310400,6077
98,65,0.9809070382749469,0,0.9813347642734316,0,0.8480346537729678,0,0.9903062126884028,0,0,0,0.9905643989181362,0,0,0,0.8606063386120141,0,0,0,0.7575760799931434,0,0,0,0.7587054701202783,0,0,0,0.3758167182085227,0,0,0,0.5084304403006876,0,0.5193862874106433,0,0.2951479175317812,0,ZNF646,RandomForestClassifier,mono,7580,758000,483150,14888
99,20,0.9884128341841038,0,0.973261970988654,0,0.6819385869565218,0,0.9995832315047792,0,0,0,0.9797842203553354,0,0,0,0.7414406190926276,0,0,0,0.9739166929265274,0,0,0,0.9147929398957584,0,0,0,0.2945006822104583,0,0,0,0.9137068691977476,0,0.9160690129660954,0,0.2567560416333274,0,ZNF596,RandomForestClassifier,mono,421,42100,42100,838
100,20,0.8293615894370214,0,0.8307152305347364,0,0.4973885901107786,0,0.9336616684869704,0,0,0,0.9165187596280838,0,0,0,0.5949178303215416,0,0,0,0.5477121177830212,0,0,0,0.4518555060627145,0,0,0,0.0218552947177629,0,0,0,0.18114872282504,0,0.1707574066895087,0,0.0118018267116352,0,NR1H4,RandomForestClassifier,mono,701,70100,70100,1383
101,25,0.8337570075182739,0,0.8519711729151497,0,0.7898473668866416,0,0.9368690174418672,0,0,0,0.9306305388317616,0,0,0,0.682603709165835,0,0,0,0.7582940276750835,0,0,0,0.7116435523691514,0,0,0,0.0792798337234783,0,0,0,0.5602767735356864,0,0.5881345253143023,0,0.1162402444741746,0,ZNF606,RandomForestClassifier,mono,822,82200,82200,1614
102,28,0.9921653911347534,0,0.9922914035603372,0,0.8367786959961084,0,0.9937776765796948,0,0,0,0.9935497223528456,0,0,0,0.8116943281359473,0,0,0,0.8315608880349957,0,0,0,0.8135097825956453,0,0,0,0.1349050025060829,0,0,0,0.7466017445642757,0,0.734008748429828,0,0.1175230844660535,0,USF3,RandomForestClassifier,mono,8754,875400,499088,17375
103,20,0.8432945782827211,0,0.8318856327158194,0,0.6547975980394724,0,0.9363695809437872,0,0,0,0.922157188379672,0,0,0,0.6990620859930146,0,0,0,0.2296274584554363,0,0,0,0.1657562785485734,0,0,0,0.0236671085898092,0,0,0,0.0542172827196382,0,0.0507901413593657,0,0.0174040068068603,0,SP140,RandomForestClassifier,mono,2603,260300,260300,5068
104,20,0.9849804604230316,0,0.9840838808655622,0,0.9614193810682744,0,0.9859348061837624,0,0,0,0.9852638439257168,0,0,0,0.9599087057200668,0,0,0,0.654501465350913,0,0,0,0.6439001920143027,0,0,0,0.5026442203682784,0,0,0,0.5799754390379871,0,0.5974437289753682,0,0.4755401886029211,0,ZIM3,RandomForestClassifier,mono,6791,679100,513434,13519
105,35,0.9417581244661836,0,0.941599027522615,0,0.9137220682951358,0,0.9744293914932772,0,0,0,0.965169438640204,0,0,0,0.8221661009843115,0,0,0,0.708846267935688,0,0,0,0.6641337322431722,0,0,0,0.2421236441202683,0,0,0,0.535101006025292,0,0.5585781192911883,0,0.2131844472709247,0,CGGBP1,RandomForestClassifier,mono,1147,114700,114700,2223
106,41,0.9694111909199422,0,0.9704381534359812,0,0.8753721410122349,0,0.9804738515966352,0,0,0,0.9816205726760174,0,0,0,0.8696637221393207,0,0,0,0.8780369427024991,0,0,0,0.8677950559272437,0,0,0,0.4900033372437417,0,0,0,0.8515303803370636,0,0.8563513520502728,0,0.4937874494347056,0,ZBTB47,RandomForestClassifier,mono,4136,413600,413600,8237
107,20,0.9806099875897516,0,0.981028297378411,0,0.8729310128745192,0,0.9876562360777332,0,0,0,0.9869559776502193,0,0,0,0.8785677400910036,0,0,0,0.7382474886602391,0,0,0,0.7268301063338787,0,0,0,0.1503400645808784,0,0,0,0.4830328258121554,0,0.4765719485674535,0,0.0903433585004207,0,ZNF18,RandomForestClassifier,mono,4663,466300,466300,9234
108,38,0.9431513609272072,0,0.9405021785506548,0,0.8345578698192803,0,0.965080850052383,0,0,0,0.9568833150788348,0,0,0,0.8360895386871584,0,0,0,0.5005168078670086,0,0,0,0.4195066345765501,0,0,0,0.1055403014163131,0,0,0,0.2956705946852499,0,0.2947477385904859,0,0.0847339390056114,0,ZBED2,RandomForestClassifier,mono,1608,160800,160800,3055
109,39,0.9734271941282135,0,0.9759649828213138,0,0.979543020940464,0,0.9891370452996624,0,0,0,0.9900800601252648,0,0,0,0.9797599340109236,0,0,0,0.7064105984101284,0,0,0,0.7038748631535571,0,0,0,0.7418947579069999,0,0,0,0.4951743050132172,0,0.5100933424017495,0,0.5161610307581743,0,ZNF865,RandomForestClassifier,mono,11323,1132300,474352,22062
110,20,0.8150965391340814,0,0.7705659472489123,0,0.4695706354554448,0,0.8757523358103728,0,0,0,0.8394916304068187,0,0,0,0.5627041300766447,0,0,0,0.4587342560506457,0,0,0,0.3516439280281283,0,0,0,0.0141506369761195,0,0,0,0.1951556507120089,0,0.1968605740461367,0,0.0108151586837686,0,ZNF66,RandomForestClassifier,mono,598,59800,59800,1167
111,35,0.8592511386059909,0,0.8474228175755013,0,0.5571504049925752,0,0.9500648911894808,0,0,0,0.9361320920751584,0,0,0,0.6416612605411519,0,0,0,0.7058623847838394,0,0,0,0.6089291393836189,0,0,0,0.0872008801106016,0,0,0,0.4028690204712526,0,0.4308497812457544,0,0.0883369147108642,0,ZNF699,RandomForestClassifier,mono,617,61700,61700,1214
112,20,0.9056441857874804,0,0.8920057577450264,0,0.8729084887518695,0,0.923833080864335,0,0,0,0.9102311565282668,0,0,0,0.8341413571014316,0,0,0,0.7858007422498107,0,0,0,0.7391322806850017,0,0,0,0.6346443154072103,0,0,0,0.7157675400661199,0,0.7134267700944116,0,0.6274561288770057,0,ZNF696,RandomForestClassifier,mono,629,62900,62900,1256
113,26,0.7266413633551789,0,0.7240233646789563,0,0.7933032856229436,0,0.757351810420047,0,0,0,0.7433392350505262,0,0,0,0.8038253237989074,0,0,0,0.2131257662405374,0,0,0,0.2056627875433619,0,0,0,0.3108571489307161,0,0,0,0.1335505342283297,0,0.1632649427745463,0,0.1903834698696267,0,ZNF665,RandomForestClassifier,mono,3783,378300,378300,7490
114,38,0.9458670190858766,0,0.9489902294825898,0,0.8241617334546175,0,0.9705130453609496,0,0,0,0.9699529516728672,0,0,0,0.8442299061204215,0,0,0,0.732213980394458,0,0,0,0.7327198697920686,0,0,0,0.3534074864118832,0,0,0,0.6560940325247445,0,0.6726760796689836,0,0.3188791739048011,0,ZNF518B,RandomForestClassifier,mono,6451,645100,503356,12765
115,20,0.8553906775432688,0,0.8585637011202021,0,0.9280020875632704,0,0.9006402320046558,0,0,0,0.8887674538174724,0,0,0,0.9188941634018702,0,0,0,0.5513677605564221,0,0,0,0.4943546207845882,0,0,0,0.6409066276824429,0,0,0,0.3794982456718526,0,0.4033267153028009,0,0.6095091631168015,0,ZNF678,RandomForestClassifier,mono,994,99400,99400,1959
116,25,0.9549841619036348,0,0.9569957879149588,0,0.7919016126853068,0,0.9666073783397412,0,0,0,0.9647673381829648,0,0,0,0.7752882323137549,0,0,0,0.6476404657944881,0,0,0,0.6093437355427379,0,0,0,0.2230742880671966,0,0,0,0.5633154102689979,0,0.5589305086564841,0,0.1959933758985739,0,ZNF732,RandomForestClassifier,mono,2980,298000,298000,5898
117,20,0.8756647770092923,0,0.8721024260204902,0,0.5833882643930102,0,0.9458304097475136,0,0,0,0.9186257017377726,0,0,0,0.6141396368316274,0,0,0,0.7720833107113025,0,0,0,0.6795921940376844,0,0,0,0.2091065201335639,0,0,0,0.3831363755809082,0,0.3592054272693175,0,0.1904837512058533,0,ZNF772,RandomForestClassifier,mono,529,52900,52900,1025
118,55,0.922660383897644,0,0.9240540427946689,0,0.8547767215931645,0,0.9544249458135357,0,0,0,0.9541574768325698,0,0,0,0.8651999025582261,0,0,0,0.5740108730453214,0,0,0,0.5598081254415291,0,0,0,0.2453573034301712,0,0,0,0.3657200869236693,0,0.3185919913036846,0,0.1454028692636028,0,ZNF721,RandomForestClassifier,mono,9800,980000,507454,17936
119,20,0.9018858623721596,0,0.8880778668832148,0,0.7655231774567778,0,0.9442232958489518,0,0,0,0.9139809681188508,0,0,0,0.7213165814066861,0,0,0,0.7432785800079003,0,0,0,0.6621148646183784,0,0,0,0.0568732411275988,0,0,0,0.5489080082169094,0,0.5490903687668983,0,0.0627892648411336,0,ZNF676,RandomForestClassifier,mono,751,75100,75100,1476
120,20,0.8730597931131544,0,0.8755896039281998,0,0.705323978045083,0,0.914571193000563,0,0,0,0.9026058857960456,0,0,0,0.7195310338885035,0,0,0,0.4894705726816023,0,0,0,0.4268454108120073,0,0,0,0.0372172966884468,0,0,0,0.2079834585993707,0,0.2256240663689034,0,0.0271432928027422,0,ZNF70,RandomForestClassifier,mono,1240,124000,124000,2453
121,48,0.8764292839003428,0,0.8849135465586939,0,0.8204416325219048,0,0.91714087429769,0,0,0,0.9248267933735188,0,0,0,0.8124462360978295,0,0,0,0.5870819029241569,0,0,0,0.5972597251984322,0,0,0,0.429872755899101,0,0,0,0.492214648741447,0,0.5276358765933401,0,0.3871261250908788,0,ZNF724,RandomForestClassifier,mono,4201,420100,420100,8347
122,20,0.9547919678005437,0,0.9629510068007664,0,0.8878381135994688,0,0.9737996683351818,0,0,0,0.9712669464401098,0,0,0,0.8668010288460659,0,0,0,0.824607481690374,0,0,0,0.8095384097309434,0,0,0,0.4303691081152456,0,0,0,0.6865164768993198,0,0.7278816228297947,0,0.4093483145927756,0,ZNF575,RandomForestClassifier,mono,1153,115300,115300,2280
123,30,0.895386671766248,0,0.8929888493015906,0,0.9524455192141216,0,0.949676893717555,0,0,0,0.9385711723513364,0,0,0,0.9912904136399564,0,0,0,0.7922447685384177,0,0,0,0.7797929514855612,0,0,0,0.9387404455895956,0,0,0,0.5618754085949764,0,0.5587472402129148,0,0.777220929104036,0,ZNF814,RandomForestClassifier,mono,1036,103600,103600,1131
124,29,0.8973786140170656,0,0.8938568721861047,0,0.5949733072046789,0,0.95165482019934,0,0,0,0.9438641308495056,0,0,0,0.6168986912973826,0,0,0,0.7318136026136361,0,0,0,0.6631799949443015,0,0,0,0.0654410950089481,0,0,0,0.4836004612393144,0,0.4820660502719299,0,0.0521103888684318,0,ZNF551,RandomForestClassifier,mono,733,73300,73300,1444
125,20,0.8945938396457135,0,0.886807572596633,0,0.8342009596717173,0,0.9085055456408222,0,0,0,0.8990313370301483,0,0,0,0.8298480839798208,0,0,0,0.5376220020991851,0,0,0,0.5163023197491438,0,0,0,0.432329187231874,0,0,0,0.4721198979674857,0,0.4883299174800639,0,0.3837492949498577,0,ZNF689,RandomForestClassifier,mono,2213,221300,221300,4398
126,39,0.9216069569724156,0,0.916904159822624,0,0.8259197316569713,0,0.9541052213937038,0,0,0,0.949827187411279,0,0,0,0.8535628166635391,0,0,0,0.6198652487937719,0,0,0,0.5934120742186478,0,0,0,0.3817634586157763,0,0,0,0.4061446751999397,0,0.4022245052700852,0,0.305105235767557,0,ZNF672,RandomForestClassifier,mono,2866,286600,286600,5690
127,20,0.9325238473000912,0,0.9391061155086426,0,0.6882556524806553,0,0.9489085843263226,0,0,0,0.949051600319089,0,0,0,0.6972240429420059,0,0,0,0.6386335763737476,0,0,0,0.6317975709914536,0,0,0,0.2043586564928646,0,0,0,0.5166798602401966,0,0.5596419353586867,0,0.1836817418318869,0,ZNF850,RandomForestClassifier,mono,2836,283600,283600,5651
128,36,0.9005488526560267,0,0.890323923532562,0,0.8009942136680056,0,0.9665156295283616,0,0,0,0.9614443422943556,0,0,0,0.8270865682103938,0,0,0,0.4698647680837237,0,0,0,0.4275118713303652,0,0,0,0.0956915046160405,0,0,0,0.1532828476137498,0,0.1512365693567747,0,0.0159673371565575,0,ZNF800,RandomForestClassifier,mono,4053,405300,405300,7721
129,20,0.847777125,0,0.7717215247790901,0,0.5650270992510068,0,0.956675375,0,0,0,0.9071361777574424,0,0,0,0.7428734615529377,0,0,0,0.7970607986570709,0,0,0,0.7016712255116637,0,0,0,0.3808479648805266,0,0,0,0.2467103973032492,0,0.2127195060207761,0,0.0155164990450916,0,ZNF773,RandomForestClassifier,mono,187,18700,18700,365
130,22,0.9618868782192156,0,0.9627027739817448,0,0.5903389947400925,0,0.968911221620783,0,0,0,0.9658901444880376,0,0,0,0.5925768874610527,0,0,0,0.6556561195131806,0,0,0,0.6290625709348766,0,0,0,0.0514805021346659,0,0,0,0.5433500813576917,0,0.5486120642549891,0,0.045526090047752,0,MGA,RandomForestClassifier,mono,2556,255600,255600,5055
131,20,0.8900221167788491,0,0.8984022168784778,0,0.8545896670680003,0,0.9435954999125484,0,0,0,0.9412164279958632,0,0,0,0.8248009522130825,0,0,0,0.7917359704884567,0,0,0,0.7417614792649895,0,0,0,0.1754845671104767,0,0,0,0.4617326530992786,0,0.543473535990949,0,0.2014932162783863,0,ZNF623,RandomForestClassifier,mono,397,39700,39700,777
132,22,0.8666505278406519,0,0.8710272014709192,0,0.7722171321491769,0,0.9205961865097329,0,0,0,0.9084043076576858,0,0,0,0.7760224091439494,0,0,0,0.4936832883629841,0,0,0,0.3908966021467762,0,0,0,0.0630009323831693,0,0,0,0.3362897352703811,0,0.3331657665086505,0,0.0473341902140332,0,TTF1,RandomForestClassifier,mono,914,91400,91400,1811
133,20,0.9618419479497964,0,0.9616503104470436,0,0.9816278876170657,0,0.9780543325296672,0,0,0,0.9740242113643648,0,0,0,0.9778464099895944,0,0,0,0.7318413492365156,0,0,0,0.6929145398594059,0,0,0,0.7338960952966079,0,0,0,0.6255100827366316,0,0.6185060962391433,0,0.7290207032701129,0,ZNF286B,RandomForestClassifier,mono,3160,316000,316000,6293
134,20,0.8871434970826876,0,0.8916771357625207,0,0.6120314644917187,0,0.9398023266144973,0,0,0,0.9366474696039068,0,0,0,0.6645681290130747,0,0,0,0.6533296209781015,0,0,0,0.6009842452865282,0,0,0,0.0637361959559721,0,0,0,0.2936626597863617,0,0.2515175337965716,0,0.0415900961498666,0,ZNF700,RandomForestClassifier,mono,1222,122200,122200,2343
135,20,0.9409335946627926,0,0.9496343160850034,0,0.8119041789703916,0,0.9575825787203672,0,0,0,0.9572651869219542,0,0,0,0.8457116855706955,0,0,0,0.5900160475095817,0,0,0,0.5978435143890974,0,0,0,0.0739784618355556,0,0,0,0.372231665625073,0,0.4199458515111783,0,0.0544364226956717,0,ZNF746,RandomForestClassifier,mono,2011,201100,201100,3965
136,24,0.7309084795321638,0,0.7670535807334385,0,0.6286523399377656,0,0.831674149738381,0,0,0,0.8342020449203145,0,0,0,0.656671226490048,0,0,0,0.4510456921585207,0,0,0,0.4570708893818573,0,0,0,0.1573233888595226,0,0,0,0.2246592989695485,0,0.2629538146272153,0,0.1110997992053422,0,ZNF728,RandomForestClassifier,mono,1018,101800,101800,2027
137,40,0.8102586698012842,0,0.8097278225735624,0,0.601021391418884,0,0.911735500404228,0,0,0,0.9072922034373464,0,0,0,0.6664005924798574,0,0,0,0.5124438933577261,0,0,0,0.4622964086377539,0,0,0,0.0868978350912854,0,0,0,0.1766894698955329,0,0.1930848889058982,0,0.1011699822593324,0,ZNF845,RandomForestClassifier,mono,2386,238600,238600,4641
138,29,0.9589921664975344,0,0.9566131568553704,0,0.8163544139411137,0,0.9730815645640832,0,0,0,0.9709920599583668,0,0,0,0.8253625052177983,0,0,0,0.6553865440547308,0,0,0,0.5376044644055845,0,0,0,0.1367977367891287,0,0,0,0.4800208595191748,0,0.4480297347784769,0,0.1231356993578871,0,ZNF683,RandomForestClassifier,mono,977,97700,97700,1943
139,20,0.9634098099505788,0,0.96390686504318,0,0.9134500761819082,0,0.9714902612918472,0,0,0,0.9689229609886132,0,0,0,0.9209975139055904,0,0,0,0.3980360097263208,0,0,0,0.385516359682634,0,0,0,0.1796270159071492,0,0,0,0.2708447402775549,0,0.2783815296083854,0,0.1784671470088169,0,ZNF775,RandomForestClassifier,mono,5108,510800,510800,10135
140,20,0.888161767172578,0,0.885390946137273,0,0.7515272360757881,0,0.934567140113086,0,0,0,0.9198244678362574,0,0,0,0.7801922263095084,0,0,0,0.5222148160169491,0,0,0,0.4603800594771002,0,0,0,0.2584810766621104,0,0,0,0.2980071829125565,0,0.3023732283376351,0,0.1879671973529298,0,ZNF57,RandomForestClassifier,mono,1425,142500,142500,2817
141,47,0.8058654729712056,0,0.8073774810616172,0,0.7628570471623343,0,0.9286642016221308,0,0,0,0.9262762619895684,0,0,0,0.7795661079400735,0,0,0,0.5903208987570044,0,0,0,0.568927313381292,0,0,0,0.3402844705092719,0,0,0,0.2608933350852248,0,0.2637112215344336,0,0.2764826940471994,0,ZNF836,RandomForestClassifier,mono,4142,414200,414200,8068
