,Count,roc_auc_train_H_PWM,roc_auc_train_H_PWM_di,roc_auc_test_H_PWM,roc_auc_test_H_PWM_di,roc_auc_test_M_PWM,roc_auc_test_M_PWM_di,roc_auc_train_H,mean_auc_train_H,median_auc_train_H,std_auc_train_H,roc_auc_test_H,mean_auc_test_H,median_auc_test_H,std_auc_test_H,roc_auc_test_M,mean_auc_test_M,median_auc_test_M,std_auc_test_M,pr_auc_train_H,mean_pr_auc_train_H,median_pr_auc_train_H,std_pr_auc_train_H,pr_auc_test_H,mean_pr_auc_test_H,median_pr_auc_test_H,std_pr_auc_test_H,pr_auc_test_M,mean_pr_auc_test_M,median_pr_auc_test_M,std_pr_auc_test_M,pr_auc_train_H_PWM,pr_auc_train_H_PWM_di,pr_auc_test_H_PWM,pr_auc_test_H_PWM_di,pr_auc_test_M_PWM,pr_auc_test_M_PWM_di,TF_name,Model,PWM,Seq_count,PR_delta_M,ROC_delta_M
0,34,0.9578524578746018,0,0.9693119891344444,0,0.7697696681814631,0,0.9652723803311896,0,0,0,0.9742038672383188,0,0,0,0.762515693547885,0,0,0,0.2482357756172383,0,0,0,0.3574400179608288,0,0,0,0.0399170163481563,0,0,0,0.1815861661366319,0,0.2752145535349554,0,0.0424887064066675,0,LEUTX,LogisticRegression,mono,7223,-0.0424887064066675,-0.7697696681814631
8,20,0.9448462387849051,0,0.941943105219478,0,0.8979605948500508,0,0.9755846427622554,0,0,0,0.9639580281359428,0,0,0,0.918887081591767,0,0,0,0.3532342510199944,0,0,0,0.2512619558416979,0,0,0,0.1032408374104945,0,0,0,0.1712454895106966,0,0.1665274657845314,0,0.0860451927882725,0,FBXL19,LogisticRegression,mono,6182,-0.0860451927882725,-0.8979605948500508
16,40,0.8660992644316604,0,0.8735031777525492,0,0.835817829303437,0,0.8859018496330093,0,0,0,0.8945211535400905,0,0,0,0.8083573674371135,0,0,0,0.212085065617343,0,0,0,0.2222538191176513,0,0,0,0.1434136921555975,0,0,0,0.193064833934855,0,0.2122779175120913,0,0.1231105761579986,0,ZBED5,LogisticRegression,mono,1535,-0.1231105761579986,-0.835817829303437
24,20,0.890119359027438,0,0.8832400071511912,0,0.7842213867442074,0,0.8804068651435883,0,0,0,0.8760973314765328,0,0,0,0.8017681286081523,0,0,0,0.7163466054803718,0,0,0,0.6682958106897003,0,0,0,0.1277059298827135,0,0,0,0.6741265801410297,0,0.5952595536288863,0,0.0792476272668236,0,ZFAT,LogisticRegression,mono,326,-0.0792476272668236,-0.7842213867442074
32,26,0.8767678705497323,0,0.7990760053827441,0,0.521958916772181,0,0.8832965268934507,0,0,0,0.819035117229957,0,0,0,0.503348322307773,0,0,0,0.776232155203579,0,0,0,0.6657005128346878,0,0,0,0.045974583567796,0,0,0,0.7538585216621014,0,0.6434172335981679,0,0.0440744173872459,0,ZSCAN2,LogisticRegression,mono,278,-0.0440744173872459,-0.521958916772181
40,34,0.987980052579342,0,0.9919696567814488,0,0.7088509019739,0,0.9896151504344254,0,0,0,0.9926247135509136,0,0,0,0.728506110929914,0,0,0,0.7583380370818246,0,0,0,0.8342134048081103,0,0,0,0.0663352546028762,0,0,0,0.7451025251762594,0,0.8215715297988777,0,0.0594496338038613,0,LEF1,LogisticRegression,mono,5752,-0.0594496338038613,-0.7088509019739
48,35,0.9639756064358244,0,0.9692082859973608,0,0.6827371135448226,0,0.9776904277156826,0,0,0,0.98018732398183,0,0,0,0.661059144184824,0,0,0,0.4556669132889928,0,0,0,0.5756372519476353,0,0,0,0.0220282892458263,0,0,0,0.3260956610452029,0,0.4803090078016054,0,0.0216298972439679,0,ZNF395,LogisticRegression,mono,9400,-0.0216298972439679,-0.6827371135448226
56,39,0.9124521084601868,0,0.928637770050918,0,0.9451276649408196,0,0.9228890749437688,0,0,0,0.9355384956331247,0,0,0,0.9453965301986488,0,0,0,0.2923722926342498,0,0,0,0.3577262698884571,0,0,0,0.5870077029035227,0,0,0,0.2694730259309435,0,0.3362085527353166,0,0.5563139992608946,0,ZFTA,LogisticRegression,mono,2326,-0.5563139992608946,-0.9451276649408196
64,20,0.972409305579106,0,0.9691409966705332,0,0.8560481166020155,0,0.9730571623186712,0,0,0,0.9704733954252156,0,0,0,0.8707849178378543,0,0,0,0.530522545065808,0,0,0,0.5431073486974147,0,0,0,0.2385786698238713,0,0,0,0.4245752249005141,0,0.447624958307131,0,0.1783327202232397,0,FOSL2,LogisticRegression,mono,4532,-0.1783327202232397,-0.8560481166020155
72,22,0.7876623523653333,0,0.788768887412093,0,0.7604089997772332,0,0.7958648576621201,0,0,0,0.7949633409718103,0,0,0,0.7570323902873691,0,0,0,0.3222611511400023,0,0,0,0.3341377851743638,0,0,0,0.3045091097266322,0,0,0,0.3011296377460199,0,0.3122487273692759,0,0.2992223797497741,0,ZNF226,LogisticRegression,mono,4429,-0.2992223797497741,-0.7604089997772332
80,27,0.8760825350972704,0,0.8723171398337113,0,0.8470819340919962,0,0.9177665491351804,0,0,0,0.9110054341143864,0,0,0,0.855945042201451,0,0,0,0.3688675633664308,0,0,0,0.3288026920692939,0,0,0,0.256729531205174,0,0,0,0.2558351468443162,0,0.2370623352715087,0,0.2501859449572921,0,ZNF407,LogisticRegression,mono,1575,-0.2501859449572921,-0.8470819340919962
88,20,0.9143069151852142,0,0.910010691970998,0,0.8988773468193119,0,0.9387327816500032,0,0,0,0.9308515987837882,0,0,0,0.8927152685381461,0,0,0,0.7927229203990332,0,0,0,0.7550151843235795,0,0,0,0.5818670904940573,0,0,0,0.767143526329641,0,0.7242826304814638,0,0.5968435122660084,0,ZNF260,LogisticRegression,mono,346,-0.5968435122660084,-0.8988773468193119
96,20,0.9543331820423276,0,0.9373793327087048,0,0.5066845622897088,0,0.9614158248763456,0,0,0,0.9454309138325668,0,0,0,0.5879511465172151,0,0,0,0.7686791491981467,0,0,0,0.4237571670827345,0,0,0,0.020122545930331,0,0,0,0.6382165060336414,0,0.2890752943047792,0,0.0193871470154716,0,DNTTIP1,LogisticRegression,mono,2476,-0.0193871470154716,-0.5066845622897088
104,41,0.8894676343556238,0,0.8797501896640038,0,0.7000299435509769,0,0.8792483845850012,0,0,0,0.8720645027261318,0,0,0,0.7234334816180078,0,0,0,0.5839372916774607,0,0,0,0.5857326890349611,0,0,0,0.1423172360661551,0,0,0,0.5982170399630397,0,0.5987516897783969,0,0.1474942716855311,0,JRK,LogisticRegression,mono,1833,-0.1474942716855311,-0.7000299435509769
112,33,0.9300145729118868,0,0.9372838096895194,0,0.866904908263403,0,0.9434915756652146,0,0,0,0.9477298558284556,0,0,0,0.8890578453182731,0,0,0,0.6082859067433843,0,0,0,0.5660847373103026,0,0,0,0.2269578874830996,0,0,0,0.5608255026660538,0,0.5293408348064915,0,0.1532776932675756,0,ZNF471,LogisticRegression,mono,2613,-0.1532776932675756,-0.866904908263403
120,25,0.8031099774931049,0,0.7858187194681777,0,0.8114331161842127,0,0.8425092134518981,0,0,0,0.8194594600441043,0,0,0,0.8504596913112613,0,0,0,0.0750983603325285,0,0,0,0.057773292679986,0,0,0,0.10134465700001,0,0,0,0.0498096454009151,0,0.0389775509449173,0,0.0521246825988137,0,ZBTB8A,LogisticRegression,mono,1272,-0.0521246825988137,-0.8114331161842127
128,23,0.9231780663976952,0,0.8900885180979191,0,0.854522275733515,0,0.9429232377535492,0,0,0,0.9230361052386362,0,0,0,0.8834008576009938,0,0,0,0.5665705511801016,0,0,0,0.5492968913532449,0,0,0,0.4078976021938215,0,0,0,0.5201272552807142,0,0.4919483624875992,0,0.3576657789474775,0,ZNF251,LogisticRegression,mono,6019,-0.3576657789474775,-0.854522275733515
136,29,0.9621880776857962,0,0.9669892850130718,0,0.938531449440656,0,0.9670230848433308,0,0,0,0.9715344771539498,0,0,0,0.9335762818801716,0,0,0,0.4401302974903722,0,0,0,0.6437138083012907,0,0,0,0.7190856222369466,0,0,0,0.4010742176797907,0,0.5898627666074377,0,0.7414643145032178,0,ZNF493,LogisticRegression,mono,11361,-0.7414643145032178,-0.938531449440656
144,34,0.9315122843948488,0,0.9539078709643886,0,0.6097570069000716,0,0.9669364421872256,0,0,0,0.9769642719842654,0,0,0,0.6244809606956889,0,0,0,0.4711409383096179,0,0,0,0.5196068747371586,0,0,0,0.0588366399696107,0,0,0,0.3156060343768798,0,0.3386801580353271,0,0.059922189356267,0,VDR,LogisticRegression,mono,4617,-0.059922189356267,-0.6097570069000716
152,20,0.8561876495606185,0,0.8665632036967537,0,0.6075457979707847,0,0.922305533491524,0,0,0,0.9204991816267384,0,0,0,0.763560116820924,0,0,0,0.4391211933243246,0,0,0,0.372759088793116,0,0,0,0.0713439975365518,0,0,0,0.2074096964953077,0,0.194435553107305,0,0.0186551503629637,0,ZNF322,LogisticRegression,mono,876,-0.0186551503629637,-0.6075457979707847
160,28,0.9622674680119176,0,0.9493204067304148,0,0.7944714722836755,0,0.9832278975069862,0,0,0,0.9727288695726404,0,0,0,0.8229309412661462,0,0,0,0.7707035121172988,0,0,0,0.5309235692375983,0,0,0,0.2893333720622687,0,0,0,0.5151693400611302,0,0.28339871021175,0,0.1518887605130913,0,NACC2,LogisticRegression,mono,4038,-0.1518887605130913,-0.7944714722836755
168,40,0.8178759737499444,0,0.8272939677939691,0,0.645367599617262,0,0.9277178726281228,0,0,0,0.9346135976164306,0,0,0,0.8217735579835835,0,0,0,0.4696612865461239,0,0,0,0.4960462436063344,0,0,0,0.1944483506168029,0,0,0,0.4229910660290212,0,0.4372240755446419,0,0.0747318763794802,0,ZNF107,LogisticRegression,mono,2324,-0.0747318763794802,-0.645367599617262
176,27,0.7896982776468616,0,0.8324427816008836,0,0.7585906353377755,0,0.8484898347524641,0,0,0,0.8791238823167149,0,0,0,0.7676830976024144,0,0,0,0.1389097333496572,0,0,0,0.1963527241464022,0,0,0,0.0507251830779568,0,0,0,0.0819261869789587,0,0.1234761406912921,0,0.0327677323594563,0,ZNF648,LogisticRegression,mono,6362,-0.0327677323594563,-0.7585906353377755
184,20,0.934026751413046,0,0.9360696039832768,0,0.5234558823529412,0,0.938992087949684,0,0,0,0.9495113500303768,0,0,0,0.5662456747404844,0,0,0,0.4128287542016308,0,0,0,0.5036159130935444,0,0,0,0.1552911059168745,0,0,0,0.3375909283673202,0,0.4087077246325313,0,0.1285642725233358,0,CAMTA2,LogisticRegression,mono,7908,-0.1285642725233358,-0.5234558823529412
192,28,0.9429108632383202,0,0.9422768472993068,0,0.4434657546747761,0,0.9558230972488424,0,0,0,0.9623485960204456,0,0,0,0.478508061109797,0,0,0,0.6619098846250037,0,0,0,0.6962821419937839,0,0,0,0.0487640402418713,0,0,0,0.6386201638412791,0,0.6915475672150849,0,0.0389627441088815,0,ZNF841,LogisticRegression,mono,1966,-0.0389627441088815,-0.4434657546747761
200,46,0.7774512964365433,0,0.7861133311691201,0,0.6945826811491002,0,0.8381278524593431,0,0,0,0.8369598955904429,0,0,0,0.6846308204619661,0,0,0,0.3233008887734241,0,0,0,0.2774958431368811,0,0,0,0.052477882679751,0,0,0,0.302563852597579,0,0.3399482553814235,0,0.0865810219349753,0,TIGD4,LogisticRegression,mono,779,-0.0865810219349753,-0.6945826811491002
208,31,0.7863798321422852,0,0.7639617390462841,0,0.7856407152684709,0,0.8419558395583433,0,0,0,0.8037554549777318,0,0,0,0.7754019105094069,0,0,0,0.2337410058518207,0,0,0,0.1818181176383891,0,0,0,0.1760097291436781,0,0,0,0.2036880851305027,0,0.1909879228491466,0,0.1527141771855483,0,ZNF470,LogisticRegression,mono,2701,-0.1527141771855483,-0.7856407152684709
216,35,0.7790436961250493,0,0.7790898761518092,0,0.6972523410323993,0,0.9049796021605964,0,0,0,0.8824262091928182,0,0,0,0.7251434946945912,0,0,0,0.2371128920952828,0,0,0,0.1985985427756645,0,0,0,0.0763610456369381,0,0,0,0.1682404701292091,0,0.190613877269222,0,0.0756092516471711,0,ZNF510,LogisticRegression,mono,3967,-0.0756092516471711,-0.6972523410323993
224,24,0.8863325227827271,0,0.9353388664273176,0,0.9536520940467929,0,0.917768426696347,0,0,0,0.9532474122866872,0,0,0,0.94953285650134,0,0,0,0.1060818675097274,0,0,0,0.2852541479167872,0,0,0,0.4763841726048629,0,0,0,0.0602108840437436,0,0.161458722283912,0,0.462236751840962,0,ZNF384,LogisticRegression,mono,6652,-0.462236751840962,-0.9536520940467929
232,26,0.9640769800002276,0,0.9623688735170663,0,0.8752261902791849,0,0.968964841115913,0,0,0,0.9700154283122578,0,0,0,0.8784490454332289,0,0,0,0.7016054345500266,0,0,0,0.7825073776720228,0,0,0,0.5248876217893705,0,0,0,0.6528770307731149,0,0.7380541963732112,0,0.4837883865790308,0,CTCF,LogisticRegression,mono,11114,-0.4837883865790308,-0.8752261902791849
240,20,0.9607056895679044,0,0.9514239512428396,0,0.8960788915434926,0,0.9647369139272204,0,0,0,0.9589878032484428,0,0,0,0.9013417167375308,0,0,0,0.833314663485949,0,0,0,0.8136168207896272,0,0,0,0.5164351745749132,0,0,0,0.7866891219748077,0,0.7662647427491799,0,0.4826287992384865,0,ZNF134,LogisticRegression,mono,2715,-0.4826287992384865,-0.8960788915434926
248,20,0.916075144866864,0,0.9224577902145972,0,0.8802084106902408,0,0.9688050413017736,0,0,0,0.9555171530979758,0,0,0,0.9124144512446378,0,0,0,0.409341919694879,0,0,0,0.5031895508577414,0,0,0,0.2775874594943349,0,0,0,0.1224811623306041,0,0.3337287473359657,0,0.112396628888861,0,KDM2A,LogisticRegression,mono,20339,-0.112396628888861,-0.8802084106902408
256,32,0.9454231243401762,0,0.9579559075407488,0,0.7608820510233689,0,0.9604378991404392,0,0,0,0.9719643234514568,0,0,0,0.8343097209009576,0,0,0,0.4039370578453665,0,0,0,0.5251006723378394,0,0,0,0.2662234279466878,0,0,0,0.3001391029112101,0,0.3884403784296044,0,0.1313762261051302,0,TPRX1,LogisticRegression,mono,7887,-0.1313762261051302,-0.7608820510233689
264,25,0.9506148796193072,0,0.9502590468865798,0,0.883303246374116,0,0.9690480206314256,0,0,0,0.9683820632267762,0,0,0,0.9009820497832844,0,0,0,0.3327527517470802,0,0,0,0.5868835833106484,0,0,0,0.3527292836118985,0,0,0,0.2233108922579175,0,0.4591203062964949,0,0.2610437847284949,0,ELF3,LogisticRegression,mono,18174,-0.2610437847284949,-0.883303246374116
272,23,0.9235151440200604,0,0.91002766258181,0,0.65300196138526,0,0.9497129960601848,0,0,0,0.916735892608073,0,0,0,0.6717075742603092,0,0,0,0.4536759616367173,0,0,0,0.2298394784815871,0,0,0,0.0156517612283613,0,0,0,0.3358704693906719,0,0.3093682364942904,0,0.0080241545508364,0,SRY,LogisticRegression,mono,1852,-0.0080241545508364,-0.65300196138526
280,43,0.8896150960341425,0,0.8478179777021903,0,0.893343948240798,0,0.8992266597681695,0,0,0,0.865968182736952,0,0,0,0.8862772346232,0,0,0,0.4419142374090687,0,0,0,0.3660300669248117,0,0,0,0.1468916355209721,0,0,0,0.400275822839663,0,0.3617496503370547,0,0.0923684883174618,0,ZNF131,LogisticRegression,mono,1419,-0.0923684883174618,-0.893343948240798
288,102,0.838402956086354,0,0.9569041396371588,0,0.7229723199189021,0,0.8914933584824388,0,0,0,0.9721184446239384,0,0,0,0.7472911247960871,0,0,0,0.1431406844089688,0,0,0,0.4987193912138445,0,0,0,0.0479176607752519,0,0,0,0.0798643300078763,0,0.331403010731355,0,0.0454984267827538,0,SALL3,LogisticRegression,mono,5315,-0.0454984267827538,-0.7229723199189021
296,20,0.9528224135802468,0,0.953998827795367,0,0.7695515566748001,0,0.9551944074074076,0,0,0,0.9587589065345252,0,0,0,0.7691282378852755,0,0,0,0.7495755079147575,0,0,0,0.7623303083421851,0,0,0,0.132955938699308,0,0,0,0.6537430735990193,0,0.6647322201556168,0,0.1245673246558138,0,PRDM10,LogisticRegression,mono,794,-0.1245673246558138,-0.7695515566748001
304,27,0.9958844077043626,0,0.9963344273151852,0,0.9250370695213802,0,0.9966139701604476,0,0,0,0.9969414626661778,0,0,0,0.923096663353135,0,0,0,0.8903470787069708,0,0,0,0.9543747408855616,0,0,0,0.4277703756457089,0,0,0,0.8556075214912293,0,0.932942823944397,0,0.4483998219757691,0,NFKB1,LogisticRegression,mono,8969,-0.4483998219757691,-0.9250370695213802
312,28,0.9382523456616678,0,0.9520611161968064,0,0.9149078172216966,0,0.9421939630602352,0,0,0,0.9564536508790308,0,0,0,0.9164271542382711,0,0,0,0.4096648134917549,0,0,0,0.4656196306553148,0,0,0,0.5294373213254369,0,0,0,0.3834168952551839,0,0.4367044351153027,0,0.4379454195115826,0,ZNF726,LogisticRegression,mono,4042,-0.4379454195115826,-0.9149078172216966
320,20,0.8998027446272627,0,0.8745192722105092,0,0.71511880036993,0,0.8985749593955229,0,0,0,0.8698407669279783,0,0,0,0.6960433875016514,0,0,0,0.7649488818960006,0,0,0,0.672957160489572,0,0,0,0.2525789972372643,0,0,0,0.7648065280962065,0,0.670109735263745,0,0.2319430879311075,0,GLI4,LogisticRegression,mono,293,-0.2319430879311075,-0.71511880036993
328,20,0.9372335403847204,0,0.9323429124699028,0,0.7697096029576564,0,0.9400872583151236,0,0,0,0.9403760144318566,0,0,0,0.7658325426000985,0,0,0,0.5994130817956734,0,0,0,0.5529307012048449,0,0,0,0.3002512746298302,0,0,0,0.5670421531384253,0,0.5607745344639286,0,0.3246543123188475,0,ZNF20,LogisticRegression,mono,1274,-0.3246543123188475,-0.7697096029576564
336,18,0.8359712247324613,0,0.8176799450987903,0,0.6294349734949075,0,0.8671481569560047,0,0,0,0.857716811899518,0,0,0,0.6854149920806922,0,0,0,0.5541653034561973,0,0,0,0.442455014821298,0,0,0,0.2149497245404773,0,0,0,0.4148618058708477,0,0.3167043902181624,0,0.1386905962293532,0,ZNF264,LogisticRegression,mono,177,-0.1386905962293532,-0.6294349734949075
344,23,0.9520280075799628,0,0.9619535783001962,0,0.9093876475792771,0,0.9597070900651216,0,0,0,0.96671419380157,0,0,0,0.9260574393794908,0,0,0,0.3744737805611801,0,0,0,0.4367461060866058,0,0,0,0.4112075863464987,0,0,0,0.294952165320538,0,0.3613325178159797,0,0.3289567818237524,0,ZNF780B,LogisticRegression,mono,5790,-0.3289567818237524,-0.9093876475792771
352,29,0.934034713405924,0,0.9307603509345016,0,0.8626008069784622,0,0.9763240189027368,0,0,0,0.9713061415387212,0,0,0,0.8922697971961584,0,0,0,0.4280683419227007,0,0,0,0.6120567620826852,0,0,0,0.238986389069625,0,0,0,0.3029824683087497,0,0.4832000087644167,0,0.2637400593383641,0,FLI1,LogisticRegression,mono,16616,-0.2637400593383641,-0.8626008069784622
360,48,0.8168663326995388,0,0.804025885891557,0,0.7508724204938746,0,0.8771283774459541,0,0,0,0.8521225335680911,0,0,0,0.7619296547859341,0,0,0,0.2451600074731328,0,0,0,0.1661315342026351,0,0,0,0.0665710891981828,0,0,0,0.2317218121450612,0,0.1705568389461829,0,0.0557437029585838,0,CAMTA1,LogisticRegression,mono,2257,-0.0557437029585838,-0.7508724204938746
368,25,0.8760031441989603,0,0.839092072327719,0,0.6717219577788439,0,0.9101542119565218,0,0,0,0.8800258950215905,0,0,0,0.6992436744021615,0,0,0,0.409268991512594,0,0,0,0.2827102099866729,0,0,0,0.0711826753391056,0,0,0,0.4216161386212771,0,0.3193274462682604,0,0.0731598508163555,0,CREB3L3,LogisticRegression,mono,1592,-0.0731598508163555,-0.6717219577788439
376,27,0.948887199194155,0,0.9513449168304706,0,0.8520471960410014,0,0.9556663063476571,0,0,0,0.959057893695983,0,0,0,0.8264835152704655,0,0,0,0.5679786658174242,0,0,0,0.6114276106503628,0,0,0,0.1722496444302113,0,0,0,0.5220685904553235,0,0.5635813622157974,0,0.1675099653806223,0,ZSCAN25,LogisticRegression,mono,1916,-0.1675099653806223,-0.8520471960410014
384,20,0.8994041298482711,0,0.865405465118156,0,0.6726851428474656,0,0.9433613338778744,0,0,0,0.9005651956353306,0,0,0,0.673669113786855,0,0,0,0.5506955742646046,0,0,0,0.1197639549904533,0,0,0,0.0497282506180707,0,0,0,0.3148488334479758,0,0.0645495225670075,0,0.0086369594698108,0,ZNF234,LogisticRegression,mono,704,-0.0086369594698108,-0.6726851428474656
392,25,0.976843800628462,0,0.9752093917516764,0,0.7487527051933361,0,0.9763873822162552,0,0,0,0.9770507644422982,0,0,0,0.7780690967287935,0,0,0,0.7576030653061766,0,0,0,0.6826707412227072,0,0,0,0.2941494739453283,0,0,0,0.7457215845978562,0,0.6558543367487827,0,0.2885178350273232,0,TIGD3,LogisticRegression,mono,2672,-0.2885178350273232,-0.7487527051933361
400,39,0.7940605768353556,0,0.7730597305297852,0,0.8113902547474383,0,0.8336667153227594,0,0,0,0.7776573181152344,0,0,0,0.8820152917682973,0,0,0,0.1354461347304291,0,0,0,0.0877696557245321,0,0,0,0.1415291300270508,0,0,0,0.107255511008093,0,0.1275513759229148,0,0.0416891656049575,0,RLF,LogisticRegression,mono,1024,-0.0416891656049575,-0.8113902547474383
408,23,0.935738430600741,0,0.9635760138190184,0,0.9140361883755468,0,0.9448399288476026,0,0,0,0.9718577786559268,0,0,0,0.919994936383446,0,0,0,0.1567923727181756,0,0,0,0.6285371977537401,0,0,0,0.4011573970667724,0,0,0,0.1345960867961778,0,0.5648744267413839,0,0.3638213571500173,0,ZNF367,LogisticRegression,mono,31393,-0.3638213571500173,-0.9140361883755468
416,38,0.937707896255149,0,0.9496206312294478,0,0.8622479650817443,0,0.9402450670208912,0,0,0,0.950805011575034,0,0,0,0.8349358499818564,0,0,0,0.678894436366927,0,0,0,0.675739527059152,0,0,0,0.2375019938057907,0,0,0,0.6508090027072995,0,0.6427526499614569,0,0.2383672025135304,0,MSANTD1,LogisticRegression,mono,1313,-0.2383672025135304,-0.8622479650817443
424,28,0.9429979750423164,0,0.9507357733992452,0,0.7784798698737891,0,0.9422584532129044,0,0,0,0.9492461103964802,0,0,0,0.7757172779897223,0,0,0,0.8586605691165189,0,0,0,0.883796496583494,0,0,0,0.4247401358951348,0,0,0,0.8402688735230346,0,0.8691744652626429,0,0.384388292018952,0,ZBTB40,LogisticRegression,mono,3143,-0.384388292018952,-0.7784798698737891
432,24,0.921605739616077,0,0.8969236416753702,0,0.5425579460327236,0,0.952115716534186,0,0,0,0.931325521852539,0,0,0,0.5500841235201234,0,0,0,0.3043426894030615,0,0,0,0.1828572630391486,0,0,0,0.0165744853714059,0,0,0,0.182815073859921,0,0.1263137669061409,0,0.015915979705198,0,MKX,LogisticRegression,mono,1983,-0.015915979705198,-0.5425579460327236
440,58,0.9211147333382256,0,0.9524189439960784,0,0.9329514101545934,0,0.9457157614862232,0,0,0,0.9649438035048408,0,0,0,0.946333364599212,0,0,0,0.3503942618258391,0,0,0,0.4224641948076878,0,0,0,0.5665160990048359,0,0,0,0.2008375750520183,0,0.279177508352082,0,0.457937942330168,0,ZNF362,LogisticRegression,mono,478,-0.457937942330168,-0.9329514101545934
448,26,0.982776676942468,0,0.9899861546839384,0,0.6348213684290411,0,0.9831416953113772,0,0,0,0.9898889875200998,0,0,0,0.6491795373750661,0,0,0,0.8370604261922643,0,0,0,0.9004972774276784,0,0,0,0.035732611530892,0,0,0,0.8234533132132432,0,0.886043198211502,0,0.0354428399246816,0,PAX7,LogisticRegression,mono,3945,-0.0354428399246816,-0.6348213684290411
456,36,0.937968499143509,0,0.9417032280770998,0,0.6838984147441941,0,0.957336040197463,0,0,0,0.95950470431962,0,0,0,0.670477437872599,0,0,0,0.5208587085323854,0,0,0,0.4956910605445265,0,0,0,0.0838932538046374,0,0,0,0.3775459843120285,0,0.3685890098430813,0,0.0642705334248347,0,ZNF48,LogisticRegression,mono,3652,-0.0642705334248347,-0.6838984147441941
464,20,0.7760235758159701,0,0.7074665289292801,0,0.6324991206782556,0,0.8979181306913687,0,0,0,0.8260603342899661,0,0,0,0.7074489220932547,0,0,0,0.2054035817328822,0,0,0,0.0673143930690766,0,0,0,0.0197824016960744,0,0,0,0.0637757515075284,0,0.022288514119849,0,0.0101542506893531,0,SP100,LogisticRegression,mono,672,-0.0101542506893531,-0.6324991206782556
472,24,0.8899782076963036,0,0.8801747298356739,0,0.7164037192884781,0,0.9814625666947197,0,0,0,0.971991179486726,0,0,0,0.7891090175925293,0,0,0,0.5030811179921836,0,0,0,0.4735692912531159,0,0,0,0.0974981350025626,0,0,0,0.3057769022588587,0,0.3460239211122658,0,0.05692724329353,0,GABPA,LogisticRegression,mono,8634,-0.05692724329353,-0.7164037192884781
480,28,0.9055299322637664,0,0.905870461731391,0,0.7287607745468739,0,0.9435192111274548,0,0,0,0.9425124754074228,0,0,0,0.765366704347826,0,0,0,0.4623203130833384,0,0,0,0.4585737192370137,0,0,0,0.1724668574391323,0,0,0,0.3571335151441681,0,0.3670166925066301,0,0.1356333495866917,0,ZNF347,LogisticRegression,mono,3762,-0.1356333495866917,-0.7287607745468739
488,20,0.8074631947736887,0,0.8061656477464233,0,0.7747511880662684,0,0.8271974459543499,0,0,0,0.8215134999462154,0,0,0,0.8308574636086763,0,0,0,0.2840448261364706,0,0,0,0.3091465560590399,0,0,0,0.1384117070952045,0,0,0,0.2188737912138884,0,0.253356474915911,0,0.1475420884217951,0,ZNF770,LogisticRegression,mono,334,-0.1475420884217951,-0.7747511880662684
496,21,0.9531147346291512,0,0.9542082882639265,0,0.9530852790997422,0,0.9513843221832202,0,0,0,0.9552988236884802,0,0,0,0.9471382155132528,0,0,0,0.8543645634060051,0,0,0,0.8771131967131266,0,0,0,0.8832112633297919,0,0,0,0.8309046044101799,0,0.8600504091043413,0,0.8777053434460274,0,ZNF436,LogisticRegression,mono,860,-0.8777053434460274,-0.9530852790997422
504,36,0.9309820618921396,0,0.9137005700005424,0,0.8467865104177427,0,0.9338569236288264,0,0,0,0.9182951100667318,0,0,0,0.8197794340510458,0,0,0,0.5360979302708467,0,0,0,0.4709044730553331,0,0,0,0.0610532921619752,0,0,0,0.4859579013666781,0,0.4241321241162074,0,0.0688772432493578,0,SLC2A4RG,LogisticRegression,mono,768,-0.0688772432493578,-0.8467865104177427
512,20,0.8421923700827406,0,0.8424876652829902,0,0.8248413975641958,0,0.8806273007693424,0,0,0,0.8833432280892792,0,0,0,0.8543656132229361,0,0,0,0.2305356693115956,0,0,0,0.2683646149387009,0,0,0,0.2078233789750891,0,0,0,0.1414596754846621,0,0.1656516695684946,0,0.1145385966405059,0,ZBTB41,LogisticRegression,mono,1343,-0.1145385966405059,-0.8248413975641958
520,24,0.9793933830638648,0,0.9730315988132028,0,0.8600711626803843,0,0.9840719574173792,0,0,0,0.9795074907427136,0,0,0,0.903595566119632,0,0,0,0.8927093489009599,0,0,0,0.8786795211325488,0,0,0,0.263951209123679,0,0,0,0.8789230370589337,0,0.8577189803878613,0,0.2241478235074964,0,FIZ1,LogisticRegression,mono,1096,-0.2241478235074964,-0.8600711626803843
528,20,0.9289675890380366,0,0.9381443260284504,0,0.9297375898454726,0,0.927412163794784,0,0,0,0.9359966628219916,0,0,0,0.8993319270234269,0,0,0,0.7928554065262702,0,0,0,0.8598422418913388,0,0,0,0.761978667846215,0,0,0,0.6910420564958577,0,0.8095847417624018,0,0.6444145594773367,0,ZNF250,LogisticRegression,mono,1275,-0.6444145594773367,-0.9297375898454726
536,30,0.9133540833048676,0,0.884008473146781,0,0.8746101115250688,0,0.955721748234613,0,0,0,0.9231366352716648,0,0,0,0.8902671432591192,0,0,0,0.3637631464129331,0,0,0,0.1880948722590034,0,0,0,0.0830015074276459,0,0,0,0.200631464825008,0,0.0951603236678248,0,0.0284242501188986,0,CXXC4,LogisticRegression,mono,3232,-0.0284242501188986,-0.8746101115250688
544,26,0.9798962012296598,0,0.9677686908512824,0,0.6310655588020453,0,0.9835684772559168,0,0,0,0.9754295969379504,0,0,0,0.5851716581446311,0,0,0,0.8935329468717055,0,0,0,0.689305799333791,0,0,0,0.0486181823906583,0,0,0,0.8758568766947377,0,0.6660670758277538,0,0.0274842044928825,0,ZNF233,LogisticRegression,mono,2169,-0.0274842044928825,-0.6310655588020453
552,20,0.9171619715528574,0,0.915809018920068,0,0.7487789247813817,0,0.9176614327384748,0,0,0,0.9146754535147392,0,0,0,0.7548445623644641,0,0,0,0.6560774373394197,0,0,0,0.6642330958539446,0,0,0,0.0506221432940167,0,0,0,0.5591422066590592,0,0.5666484364618557,0,0.0473573407475041,0,ZNF142,LogisticRegression,mono,336,-0.0473573407475041,-0.7487789247813817
560,35,0.9658033575298904,0,0.9684521049008608,0,0.840788818114745,0,0.970713944542498,0,0,0,0.9757559038831752,0,0,0,0.8157042989822095,0,0,0,0.5877740837528318,0,0,0,0.697505071291328,0,0,0,0.1643583490214862,0,0,0,0.5193502234142706,0,0.6469075919151918,0,0.1302306508022145,0,MYF6,LogisticRegression,mono,7995,-0.1302306508022145,-0.840788818114745
568,68,0.8574746840613878,0,0.8582352635129255,0,0.7525547861935595,0,0.9197331715024396,0,0,0,0.9031733752560864,0,0,0,0.7592010431399981,0,0,0,0.1813160780477068,0,0,0,0.1400814637059536,0,0,0,0.0640539862345092,0,0,0,0.1024311805103894,0,0.1137836428312737,0,0.0697686228155392,0,SOX2,LogisticRegression,mono,5603,-0.0697686228155392,-0.7525547861935595
576,30,0.9342663558792924,0,0.8937948560783607,0,0.6537831574668322,0,0.9691609240374608,0,0,0,0.9310108527131782,0,0,0,0.6036839743501943,0,0,0,0.6343898772637635,0,0,0,0.192498143863217,0,0,0,0.0161140994898973,0,0,0,0.400508358972207,0,0.1736129354998246,0,0.0159983750378617,0,ZNF500,LogisticRegression,mono,645,-0.0159983750378617,-0.6537831574668322
584,34,0.9747424863663666,0,0.9827265906162156,0,0.7181746255074631,0,0.9773504098993115,0,0,0,0.9862029525469224,0,0,0,0.7210916514682091,0,0,0,0.9534152396565068,0,0,0,0.9654432037357936,0,0,0,0.1454403341668363,0,0,0,0.953557674330794,0,0.9542972258147498,0,0.110791071140454,0,FLYWCH1,LogisticRegression,mono,774,-0.110791071140454,-0.7181746255074631
592,28,0.817657129623686,0,0.8251656535942579,0,0.8224489775563015,0,0.8698680856924688,0,0,0,0.8740965436404448,0,0,0,0.8406359792108186,0,0,0,0.1808887162670464,0,0,0,0.1940476601114067,0,0,0,0.2085436125787856,0,0,0,0.1469784854136631,0,0.154416497969529,0,0.1488629289862355,0,PRDM5,LogisticRegression,mono,3708,-0.1488629289862355,-0.8224489775563015
600,20,0.9399836127519507,0,0.9205470792570628,0,0.7821572770183731,0,0.943411804599427,0,0,0,0.9289944697871928,0,0,0,0.7803493643602821,0,0,0,0.3077501996616611,0,0,0,0.2925034404794361,0,0,0,0.057993300845675,0,0,0,0.2892332808352196,0,0.2882736256983039,0,0.0539321809606669,0,FAM200B,LogisticRegression,mono,887,-0.0539321809606669,-0.7821572770183731
608,28,0.9105987818724228,0,0.9388034999084538,0,0.7746305923909929,0,0.9307990490334316,0,0,0,0.9539411691288292,0,0,0,0.7612588560558913,0,0,0,0.162296792627627,0,0,0,0.2276505778698816,0,0,0,0.0462623506687941,0,0,0,0.1072822694529687,0,0.1492360435997122,0,0.0416970001620171,0,ZNF831,LogisticRegression,mono,4962,-0.0416970001620171,-0.7746305923909929
616,20,0.9568698923514046,0,0.9596037173627052,0,0.754447994034343,0,0.9663342455294968,0,0,0,0.9717417448613482,0,0,0,0.7802158912695593,0,0,0,0.4820576150095186,0,0,0,0.5858668070161973,0,0,0,0.070227722977431,0,0,0,0.4198244377691977,0,0.4844459342465363,0,0.0496776563903233,0,ZBED9,LogisticRegression,mono,7744,-0.0496776563903233,-0.754447994034343
624,33,0.9479201776998276,0,0.9530150070959572,0,0.779952646393493,0,0.9583818413547606,0,0,0,0.9620746176157704,0,0,0,0.7705709844269791,0,0,0,0.417695325034764,0,0,0,0.4670165498064639,0,0,0,0.19072805896341,0,0,0,0.3831868279106411,0,0.4495842888535956,0,0.1806309564833304,0,YY1,LogisticRegression,mono,8195,-0.1806309564833304,-0.779952646393493
632,32,0.957357458847492,0,0.941306973055184,0,0.8109984359948409,0,0.9670529162373004,0,0,0,0.9516743553692808,0,0,0,0.8071006516261289,0,0,0,0.3299428498016442,0,0,0,0.3828074836519913,0,0,0,0.0414846552272452,0,0,0,0.2819497542686194,0,0.3714820615168712,0,0.0272405322231551,0,MAX,LogisticRegression,mono,12534,-0.0272405322231551,-0.8109984359948409
640,52,0.8305667608323982,0,0.8279332984975225,0,0.5829950677552395,0,0.8895856581780718,0,0,0,0.877792796708141,0,0,0,0.6328072889487417,0,0,0,0.3326935807819178,0,0,0,0.1521388862935269,0,0,0,0.0157840862783655,0,0,0,0.1693172858835921,0,0.0695812099325454,0,0.0129317370602013,0,ZNF292,LogisticRegression,mono,4097,-0.0129317370602013,-0.5829950677552395
648,32,0.897224631577271,0,0.9105682163253304,0,0.664269944794324,0,0.9239877774864202,0,0,0,0.9331833202125354,0,0,0,0.6746093251753826,0,0,0,0.2355753272832917,0,0,0,0.2706977200119118,0,0,0,0.0586977377830123,0,0,0,0.2011331003465329,0,0.2407891874149009,0,0.070225262612275,0,RORB,LogisticRegression,mono,3354,-0.070225262612275,-0.664269944794324
656,27,0.869478431753703,0,0.8210490441104034,0,0.8293328817611237,0,0.917394954696008,0,0,0,0.8647367441484537,0,0,0,0.8471382627859924,0,0,0,0.173292486034364,0,0,0,0.0700492237741424,0,0,0,0.0904627017717509,0,0,0,0.074605812033731,0,0.0419991099154524,0,0.0681500987894693,0,TET3,LogisticRegression,mono,2783,-0.0681500987894693,-0.8293328817611237
664,38,0.8845080032856579,0,0.8591518106911574,0,0.6692571549728417,0,0.9319500561483052,0,0,0,0.9018822557331512,0,0,0,0.6905646654662948,0,0,0,0.2580020737910646,0,0,0,0.121906097510088,0,0,0,0.0421280307016182,0,0,0,0.0889556827745942,0,0.0695552557920774,0,0.0695455241573284,0,SP140L,LogisticRegression,mono,4031,-0.0695455241573284,-0.6692571549728417
672,34,0.8454124761936583,0,0.7375296786389414,0,0.7776673877989788,0,0.9343172174145477,0,0,0,0.8560521739130434,0,0,0,0.8751907014243483,0,0,0,0.633827122815255,0,0,0,0.4098959462982517,0,0,0,0.6135718060042562,0,0,0,0.501606445591328,0,0.3334748709333094,0,0.6142694464503448,0,ZFP3,LogisticRegression,mono,115,-0.6142694464503448,-0.7776673877989788
680,52,0.7444200281595417,0,0.8270752808976831,0,0.7590513025784721,0,0.8728711242123163,0,0,0,0.9335633663752172,0,0,0,0.8761191463453993,0,0,0,0.1661772386888146,0,0,0,0.3746303601170248,0,0,0,0.1865980251108732,0,0,0,0.0886736626909381,0,0.2008728254474181,0,0.0348281582766552,0,ZNF43,LogisticRegression,mono,9714,-0.0348281582766552,-0.7590513025784721
688,34,0.9486417513542326,0,0.9462756271445892,0,0.5964087700750244,0,0.95347148267808,0,0,0,0.9488462792717642,0,0,0,0.5964448586153632,0,0,0,0.674476131558008,0,0,0,0.6519015712523029,0,0,0,0.024522242120584,0,0,0,0.5491427528251405,0,0.5547811676040196,0,0.0258117715820782,0,ZNF35,LogisticRegression,mono,1705,-0.0258117715820782,-0.5964087700750244
696,31,0.9082359252192966,0,0.923202708462428,0,0.902743000568398,0,0.92615304596297,0,0,0,0.9358034685208848,0,0,0,0.9108616722226004,0,0,0,0.2043684133275855,0,0,0,0.2419029738418462,0,0,0,0.2212307318469096,0,0,0,0.1631018444556842,0,0.18899311782403,0,0.153715642593728,0,GCM1,LogisticRegression,mono,5735,-0.153715642593728,-0.902743000568398
704,55,0.9087565205503878,0,0.9303942304436144,0,0.8647022204095192,0,0.926162746663843,0,0,0,0.943772223217756,0,0,0,0.8576162313098729,0,0,0,0.1759931144537106,0,0,0,0.2593815823133708,0,0,0,0.1215929295527439,0,0,0,0.1423516693255005,0,0.2153867522239752,0,0.110695187193378,0,PRDM13,LogisticRegression,mono,6143,-0.110695187193378,-0.8647022204095192
712,31,0.9836612814976388,0,0.9781139278505252,0,0.6940741580780955,0,0.9854563715013844,0,0,0,0.979190311060504,0,0,0,0.7006984526963275,0,0,0,0.7967110101017785,0,0,0,0.803247281054671,0,0,0,0.1806812176373527,0,0,0,0.7309513864743624,0,0.7465821633838999,0,0.1732682929335078,0,TERF1,LogisticRegression,mono,695,-0.1732682929335078,-0.6940741580780955
720,20,0.784772864518262,0,0.7798224098444938,0,0.7869862809350542,0,0.8125833652891372,0,0,0,0.794861653613231,0,0,0,0.7243435401010412,0,0,0,0.3742205279963957,0,0,0,0.372551971992637,0,0,0,0.1367195405756099,0,0,0,0.3986405344211265,0,0.373976827113192,0,0.1364693973420213,0,RFX5,LogisticRegression,mono,774,-0.1364693973420213,-0.7869862809350542
728,33,0.98232012730977,0,0.9823636270921134,0,0.8557841127189236,0,0.9811990486093788,0,0,0,0.9815053271391948,0,0,0,0.8407007478425667,0,0,0,0.8476884205458404,0,0,0,0.8553410022663168,0,0,0,0.1889029496915401,0,0,0,0.8036911772234872,0,0.8195695334056463,0,0.1807453117819359,0,DMTF1,LogisticRegression,mono,2737,-0.1807453117819359,-0.8557841127189236
736,20,0.8190024594907407,0,0.8780824497767857,0,0.7776444541360733,0,0.8420388454861112,0,0,0,0.8836840322066326,0,0,0,0.7678569167848207,0,0,0,0.2615505259259671,0,0,0,0.2290394383806112,0,0,0,0.0456927916884621,0,0,0,0.2415934938539719,0,0.2525398909645436,0,0.0500034581463162,0,ZBTB8B,LogisticRegression,mono,224,-0.0500034581463162,-0.7776444541360733
744,47,0.9082586744411496,0,0.9094213097118594,0,0.6854072244419555,0,0.9357540947632876,0,0,0,0.9328301486313848,0,0,0,0.6573516336362153,0,0,0,0.3006224055141976,0,0,0,0.2826611707601666,0,0,0,0.0174275863586131,0,0,0,0.1595820840785562,0,0.1598447316510883,0,0.0082351304462844,0,SOX15,LogisticRegression,mono,3394,-0.0082351304462844,-0.6854072244419555
752,20,0.8330471451730089,0,0.8114002250169837,0,0.6367774115396704,0,0.8691461728365433,0,0,0,0.8322677218775761,0,0,0,0.6550504589105125,0,0,0,0.1077253236747565,0,0,0,0.0757301370959636,0,0,0,0.0229098691362581,0,0,0,0.09924803517237,0,0.081277659711254,0,0.0223351426852643,0,ZNF215,LogisticRegression,mono,1057,-0.0223351426852643,-0.6367774115396704
760,20,0.9186526767569771,0,0.9180005494276796,0,0.6350078607499536,0,0.9380169813023248,0,0,0,0.9367726618106138,0,0,0,0.6478369755350516,0,0,0,0.521837666371395,0,0,0,0.402078616365551,0,0,0,0.0212329704490143,0,0,0,0.3983123637086974,0,0.2869835445099412,0,0.0195427272031476,0,BATF2,LogisticRegression,mono,775,-0.0195427272031476,-0.6350078607499536
768,47,0.7603943276545229,0,0.7981858539778622,0,0.8811880546268717,0,0.8841876826035251,0,0,0,0.9021092225972034,0,0,0,0.914427253495401,0,0,0,0.1238024709506388,0,0,0,0.2630513847900851,0,0,0,0.1898829538347293,0,0,0,0.1530430368788533,0,0.3004110263754815,0,0.2193539594966004,0,ZNF335,LogisticRegression,mono,12096,-0.2193539594966004,-0.8811880546268717
776,47,0.945643445392972,0,0.932665527810806,0,0.8140125080035764,0,0.9572949091782808,0,0,0,0.9460678807981392,0,0,0,0.8248368648549584,0,0,0,0.2583189671566463,0,0,0,0.2294964525282444,0,0,0,0.0533229365480157,0,0,0,0.2019437268824996,0,0.2100066074473322,0,0.0325783302537626,0,MYPOP,LogisticRegression,mono,3104,-0.0325783302537626,-0.8140125080035764
784,65,0.9809070382749469,0,0.9760089980905322,0,0.8384167287282932,0,0.9905628716570164,0,0,0,0.9849865684654648,0,0,0,0.8676413905908197,0,0,0,0.7566969053863184,0,0,0,0.663845573431149,0,0,0,0.2491782444503991,0,0,0,0.5084304403006876,0,0.4455460110010169,0,0.1527618014497039,0,ZNF646,LogisticRegression,mono,7580,-0.1527618014497039,-0.8384167287282932
792,20,0.9884128341841038,0,0.9729497125382952,0,0.6698707939508507,0,0.9922315770632758,0,0,0,0.9761221726349998,0,0,0,0.6745858695652174,0,0,0,0.9352928854811648,0,0,0,0.8701613695417697,0,0,0,0.2667140725437331,0,0,0,0.9137068691977476,0,0.8506584016858749,0,0.2299146625127388,0,ZNF596,LogisticRegression,mono,421,-0.2299146625127388,-0.6698707939508507
800,20,0.8293615894370214,0,0.8611558381037075,0,0.549729787560629,0,0.8880744022202034,0,0,0,0.8977945710326188,0,0,0,0.6367141394942849,0,0,0,0.3155740409711856,0,0,0,0.307500081128269,0,0,0,0.0248338105028045,0,0,0,0.18114872282504,0,0.1608334493429036,0,0.013902017825519,0,NR1H4,LogisticRegression,mono,701,-0.013902017825519,-0.549729787560629
808,25,0.8337570075182739,0,0.8422528430449737,0,0.7464701257821936,0,0.889568889917931,0,0,0,0.8911640944583563,0,0,0,0.813974755022573,0,0,0,0.5395320105371549,0,0,0,0.5484181543753699,0,0,0,0.1168337398968834,0,0,0,0.5602767735356864,0,0.5929713513502621,0,0.1003456698815882,0,ZNF606,LogisticRegression,mono,822,-0.1003456698815882,-0.7464701257821936
816,28,0.9921653911347534,0,0.9916322817186838,0,0.8188795336951147,0,0.993063182249624,0,0,0,0.9927866988903408,0,0,0,0.8057298774934344,0,0,0,0.7861141887318289,0,0,0,0.84680885547704,0,0,0,0.2209571679334699,0,0,0,0.7466017445642757,0,0.8198227188061377,0,0.2064020516722341,0,USF3,LogisticRegression,mono,8754,-0.2064020516722341,-0.8188795336951147
824,20,0.8432945782827211,0,0.8013992875031603,0,0.6250454393121396,0,0.930151129208561,0,0,0,0.8878136474522068,0,0,0,0.6810007121574705,0,0,0,0.1685061534716917,0,0,0,0.0817571091906807,0,0,0,0.0184680710400623,0,0,0,0.0542172827196382,0,0.0364808129418571,0,0.0145542739447875,0,SP140,LogisticRegression,mono,2603,-0.0145542739447875,-0.6250454393121396
832,20,0.9849804604230316,0,0.9885064945892256,0,0.9621027891529236,0,0.9878132310269194,0,0,0,0.9914062507066966,0,0,0,0.9648873837820672,0,0,0,0.6359673561058415,0,0,0,0.7754124314927145,0,0,0,0.5591611267397302,0,0,0,0.5799754390379871,0,0.7103838493169002,0,0.5137560858069463,0,ZIM3,LogisticRegression,mono,6791,-0.5137560858069463,-0.9621027891529236
840,35,0.9417581244661836,0,0.9292173054456148,0,0.9207698666011478,0,0.9535832153800772,0,0,0,0.9371714924419032,0,0,0,0.9074532882158124,0,0,0,0.6056129017310223,0,0,0,0.5574134805763457,0,0,0,0.2622623188722108,0,0,0,0.535101006025292,0,0.4936128440591369,0,0.2102003746280779,0,CGGBP1,LogisticRegression,mono,1147,-0.2102003746280779,-0.9207698666011478
848,41,0.9694111909199422,0,0.9708248708560772,0,0.8740658812590527,0,0.9686316001088936,0,0,0,0.9708614671876696,0,0,0,0.8640027407404337,0,0,0,0.8609769614563507,0,0,0,0.8785064275813039,0,0,0,0.5246644587946235,0,0,0,0.8515303803370636,0,0.8685522903309979,0,0.5228245677610606,0,ZBTB47,LogisticRegression,mono,4136,-0.5228245677610606,-0.8740658812590527
856,20,0.9806099875897516,0,0.9821406784691142,0,0.8817139624578925,0,0.9859967679908545,0,0,0,0.986845265144834,0,0,0,0.8861943416495267,0,0,0,0.6511162235409436,0,0,0,0.7730521370403668,0,0,0,0.211621288571501,0,0,0,0.4830328258121554,0,0.6234555328669389,0,0.12592255415326,0,ZNF18,LogisticRegression,mono,4663,-0.12592255415326,-0.8817139624578925
864,38,0.9431513609272072,0,0.9414985589775006,0,0.7943575320167632,0,0.948570738604807,0,0,0,0.9460996537059724,0,0,0,0.8027467588813688,0,0,0,0.3440431056825541,0,0,0,0.3447703627148107,0,0,0,0.1099652477233164,0,0,0,0.2956705946852499,0,0.3402646530897029,0,0.0900617264432533,0,ZBED2,LogisticRegression,mono,1608,-0.0900617264432533,-0.7943575320167632
872,39,0.9734271941282135,0,0.9658087156840196,0,0.9762730582685336,0,0.986658934929896,0,0,0,0.980456183748746,0,0,0,0.9812995252011966,0,0,0,0.6900723232283271,0,0,0,0.6985343515873751,0,0,0,0.9042610449425804,0,0,0,0.4951743050132172,0,0.5032987648960219,0,0.6888393406068469,0,ZNF865,LogisticRegression,mono,11323,-0.6888393406068469,-0.9762730582685336
880,20,0.8150965391340814,0,0.7422141391035895,0,0.4878456075017382,0,0.844348945158231,0,0,0,0.7913405470856031,0,0,0,0.5207040971771617,0,0,0,0.2760102704405424,0,0,0,0.1879211964145601,0,0,0,0.0127991214694451,0,0,0,0.1951556507120089,0,0.1799333262974861,0,0.0126136104237907,0,ZNF66,LogisticRegression,mono,598,-0.0126136104237907,-0.4878456075017382
888,35,0.8592511386059909,0,0.8054341601674858,0,0.5646776025858267,0,0.9368858074049136,0,0,0,0.8881914371048285,0,0,0,0.6373227053513421,0,0,0,0.5134406322748658,0,0,0,0.2370275672613943,0,0,0,0.0629393872088552,0,0,0,0.4028690204712526,0,0.4060504163441021,0,0.0884693839647126,0,ZNF699,LogisticRegression,mono,617,-0.0884693839647126,-0.5646776025858267
896,20,0.9056441857874804,0,0.890867832201415,0,0.8698179237508012,0,0.9259048340387614,0,0,0,0.9182022591187464,0,0,0,0.8216211348859925,0,0,0,0.7261086053926993,0,0,0,0.7251922891099795,0,0,0,0.6335730118595979,0,0,0,0.7157675400661199,0,0.7125401002664197,0,0.6366330222449796,0,ZNF696,LogisticRegression,mono,629,-0.6366330222449796,-0.8698179237508012
904,26,0.7266413633551789,0,0.7276660612620046,0,0.7884321705177745,0,0.7530928219521089,0,0,0,0.762381582910986,0,0,0,0.7938614121096033,0,0,0,0.1765877778039004,0,0,0,0.2271729130925243,0,0,0,0.3004365939544833,0,0,0,0.1335505342283297,0,0.1706299786107644,0,0.1884234368048988,0,ZNF665,LogisticRegression,mono,3783,-0.1884234368048988,-0.7884321705177745
912,38,0.9458670190858766,0,0.9386618533994004,0,0.8175547304749268,0,0.940132003440008,0,0,0,0.941838109165306,0,0,0,0.8815048102020153,0,0,0,0.630568839743358,0,0,0,0.7691913383986828,0,0,0,0.5042115446096433,0,0,0,0.6560940325247445,0,0.7618779772250818,0,0.5102458055304824,0,ZNF518B,LogisticRegression,mono,6451,-0.5102458055304824,-0.8175547304749268
920,20,0.8553906775432688,0,0.8620746005206288,0,0.9296965884068746,0,0.8708995464224438,0,0,0,0.8715705450003847,0,0,0,0.9319248477222682,0,0,0,0.4325933711681486,0,0,0,0.456567324653143,0,0,0,0.665546044552567,0,0,0,0.3794982456718526,0,0.4139109916899769,0,0.6281649849732092,0,ZNF678,LogisticRegression,mono,994,-0.6281649849732092,-0.9296965884068746
928,25,0.9549841619036348,0,0.9581111926264584,0,0.8054170234565584,0,0.9572624008362418,0,0,0,0.9607277273546234,0,0,0,0.7927059144304748,0,0,0,0.5856201885816772,0,0,0,0.6166310746533746,0,0,0,0.2648174190075366,0,0,0,0.5633154102689979,0,0.5900956851494791,0,0.243362099166653,0,ZNF732,LogisticRegression,mono,2980,-0.243362099166653,-0.8054170234565584
936,20,0.8756647770092923,0,0.8524353829496035,0,0.5617327917311831,0,0.9051404249315974,0,0,0,0.8627142913297194,0,0,0,0.5757539866074122,0,0,0,0.6177251969932368,0,0,0,0.3336694238058524,0,0,0,0.2105174788026775,0,0,0,0.3831363755809082,0,0.3382981712454065,0,0.1895594937238199,0,ZNF772,LogisticRegression,mono,529,-0.1895594937238199,-0.5617327917311831
944,55,0.922660383897644,0,0.934422547538842,0,0.8439254583361916,0,0.9535350084744716,0,0,0,0.9581239975466164,0,0,0,0.8744129311362738,0,0,0,0.4747116370186531,0,0,0,0.6007895219548254,0,0,0,0.2246793514338787,0,0,0,0.3657200869236693,0,0.4175303616524803,0,0.153301519317133,0,ZNF721,LogisticRegression,mono,9800,-0.153301519317133,-0.8439254583361916
952,20,0.9018858623721596,0,0.8662861324713963,0,0.7107953963418139,0,0.9155919015225136,0,0,0,0.8846429438954896,0,0,0,0.6913645167404358,0,0,0,0.5812018803208782,0,0,0,0.5537759820571886,0,0,0,0.0398199373470538,0,0,0,0.5489080082169094,0,0.538671844770153,0,0.0388824893383679,0,ZNF676,LogisticRegression,mono,751,-0.0388824893383679,-0.7107953963418139
960,20,0.8730597931131544,0,0.8784188898283039,0,0.7020952833290348,0,0.8932442648714579,0,0,0,0.8906232375130073,0,0,0,0.713972070146846,0,0,0,0.3085357134451734,0,0,0,0.2675929503698412,0,0,0,0.0322085280482384,0,0,0,0.2079834585993707,0,0.2144102450410331,0,0.0299952707764558,0,ZNF70,LogisticRegression,mono,1240,-0.0299952707764558,-0.7020952833290348
968,48,0.8764292839003428,0,0.8880259035931923,0,0.8214686948668914,0,0.9026183742453034,0,0,0,0.9087897283158968,0,0,0,0.844513934637345,0,0,0,0.5277260140020884,0,0,0,0.5604371106822877,0,0,0,0.4318283654380321,0,0,0,0.492214648741447,0,0.5375317680475793,0,0.4009085957016392,0,ZNF724,LogisticRegression,mono,4201,-0.4009085957016392,-0.8214686948668914
976,20,0.9547919678005437,0,0.9612186618264206,0,0.8676400043858447,0,0.9539350858688028,0,0,0,0.961929898925011,0,0,0,0.8729951664336687,0,0,0,0.7619892751709928,0,0,0,0.7593086979096734,0,0,0,0.462007407632059,0,0,0,0.6865164768993198,0,0.6982329892426052,0,0.4363485620850882,0,ZNF575,LogisticRegression,mono,1153,-0.4363485620850882,-0.8676400043858447
984,30,0.895386671766248,0,0.879757494670622,0,0.954738228762844,0,0.9423356082246688,0,0,0,0.9378958833350723,0,0,0,0.991814897060484,0,0,0,0.7421603279538603,0,0,0,0.7064634721334834,0,0,0,0.897095809864937,0,0,0,0.5618754085949764,0,0.5395251617855551,0,0.7716328179961673,0,ZNF814,LogisticRegression,mono,1036,-0.7716328179961673,-0.954738228762844
992,29,0.8973786140170656,0,0.8737706150693575,0,0.5734351952574873,0,0.9354273864528004,0,0,0,0.9090046697401212,0,0,0,0.5385228860780302,0,0,0,0.5895259089051403,0,0,0,0.4350893740062878,0,0,0,0.0481794448123979,0,0,0,0.4836004612393144,0,0.4878004950732564,0,0.0482867512900184,0,ZNF551,LogisticRegression,mono,733,-0.0482867512900184,-0.5734351952574873
1000,20,0.8945938396457135,0,0.8819572601125216,0,0.8284356793968092,0,0.8984807265847048,0,0,0,0.8847996526298101,0,0,0,0.829011154321635,0,0,0,0.4940419198505638,0,0,0,0.4986422730642962,0,0,0,0.4168561073759521,0,0,0,0.4721198979674857,0,0.4698813223501342,0,0.3780486817593589,0,ZNF689,LogisticRegression,mono,2213,-0.3780486817593589,-0.8284356793968092
1008,39,0.9216069569724156,0,0.9226613917824736,0,0.8352807750046913,0,0.9400314281530898,0,0,0,0.9436248075835808,0,0,0,0.8714505535747795,0,0,0,0.5555816674156983,0,0,0,0.6053448097451617,0,0,0,0.4592506529464771,0,0,0,0.4061446751999397,0,0.4338323361914433,0,0.3551852283090128,0,ZNF672,LogisticRegression,mono,2866,-0.3551852283090128,-0.8352807750046913
1016,20,0.9325238473000912,0,0.9469372642640164,0,0.6882298986476282,0,0.947725536833741,0,0,0,0.9565299514005902,0,0,0,0.6949441844007405,0,0,0,0.5819509932655964,0,0,0,0.6615700870287246,0,0,0,0.2204520500868237,0,0,0,0.5166798602401966,0,0.5866357869399197,0,0.1930975045977148,0,ZNF850,LogisticRegression,mono,2836,-0.1930975045977148,-0.6882298986476282
1024,36,0.9005488526560267,0,0.8812177124601619,0,0.8228655693190964,0,0.9450863819923916,0,0,0,0.8995184390346296,0,0,0,0.8524203359971644,0,0,0,0.3116903525844592,0,0,0,0.1569408403110296,0,0,0,0.0637892437367283,0,0,0,0.1532828476137498,0,0.078302585365942,0,0.0150045866807466,0,ZNF800,LogisticRegression,mono,4053,-0.0150045866807466,-0.8228655693190964
1032,20,0.847777125,0,0.7359262489633676,0,0.5380616507960405,0,0.92269375,0,0,0,0.8522720123537991,0,0,0,0.656399563400956,0,0,0,0.6108055560459406,0,0,0,0.1216530423579994,0,0,0,0.1493007390963494,0,0,0,0.2467103973032492,0,0.0492823922481963,0,0.0121143170069236,0,ZNF773,LogisticRegression,mono,187,-0.0121143170069236,-0.5380616507960405
1040,22,0.9618868782192156,0,0.9603372078891362,0,0.6191954785410795,0,0.960606807625222,0,0,0,0.9591635226941552,0,0,0,0.6105189211658403,0,0,0,0.5626882827953937,0,0,0,0.5652715512681658,0,0,0,0.0492721909454369,0,0,0,0.5433500813576917,0,0.5624106233793904,0,0.0517191277352152,0,MGA,LogisticRegression,mono,2556,-0.0517191277352152,-0.6191954785410795
1048,20,0.8900221167788491,0,0.878370112112887,0,0.8582864953179047,0,0.9288124643846516,0,0,0,0.9012579548122251,0,0,0,0.7996617768936277,0,0,0,0.6273458859798139,0,0,0,0.3665783125032099,0,0,0,0.1334483902159016,0,0,0,0.4617326530992786,0,0.542007059721572,0,0.1797742879266528,0,ZNF623,LogisticRegression,mono,397,-0.1797742879266528,-0.8582864953179047
1056,22,0.8666505278406519,0,0.8630741588420342,0,0.8204165186647882,0,0.8865938542326844,0,0,0,0.8829482425101389,0,0,0,0.8195096465620647,0,0,0,0.3965510335061678,0,0,0,0.3688674054785816,0,0,0,0.1062860043247153,0,0,0,0.3362897352703811,0,0.3129302680387144,0,0.0717334265871191,0,TTF1,LogisticRegression,mono,914,-0.0717334265871191,-0.8204165186647882
1064,20,0.9618419479497964,0,0.9637854405343697,0,0.9814137356919876,0,0.9631438357101328,0,0,0,0.964952602747957,0,0,0,0.9819213319458898,0,0,0,0.6555986756831446,0,0,0,0.682354792090159,0,0,0,0.731895206659507,0,0,0,0.6255100827366316,0,0.6504895891554038,0,0.7470001987904427,0,ZNF286B,LogisticRegression,mono,3160,-0.7470001987904427,-0.9814137356919876
1072,20,0.8871434970826876,0,0.9092849585209511,0,0.6284695244335388,0,0.928599929454614,0,0,0,0.9393630548509192,0,0,0,0.6988210765391636,0,0,0,0.4575851519627026,0,0,0,0.4933426539599594,0,0,0,0.0609887053819206,0,0,0,0.2936626597863617,0,0.3165483063556217,0,0.0560136441286875,0,ZNF700,LogisticRegression,mono,1222,-0.0560136441286875,-0.6284695244335388
1080,20,0.9409335946627926,0,0.9467825727766306,0,0.8410803062565659,0,0.9467363031985284,0,0,0,0.9475002107998256,0,0,0,0.8680827378090183,0,0,0,0.5191184640558945,0,0,0,0.4183909391954986,0,0,0,0.093592531655128,0,0,0,0.372231665625073,0,0.3035785195601747,0,0.0643130653539675,0,ZNF746,LogisticRegression,mono,2011,-0.0643130653539675,-0.8410803062565659
1088,24,0.7309084795321638,0,0.7761951522882805,0,0.6334722808719827,0,0.8038367728531856,0,0,0,0.841175443201161,0,0,0,0.7166207470321657,0,0,0,0.3596085592836791,0,0,0,0.4108235266577763,0,0,0,0.1392443312698214,0,0,0,0.2246592989695485,0,0.2989732714957986,0,0.130930277656926,0,ZNF728,LogisticRegression,mono,1018,-0.130930277656926,-0.6334722808719827
1096,40,0.8102586698012842,0,0.7614985949401686,0,0.5977392794499199,0,0.8850388125470582,0,0,0,0.8524709485128745,0,0,0,0.6771206636588912,0,0,0,0.2738272625059979,0,0,0,0.0710060072553239,0,0,0,0.0241395434378864,0,0,0,0.1766894698955329,0,0.2022518407045524,0,0.1155644661767321,0,ZNF845,LogisticRegression,mono,2386,-0.1155644661767321,-0.5977392794499199
1104,29,0.9589921664975344,0,0.9528314016651144,0,0.8140879921068942,0,0.959958144172052,0,0,0,0.9585070961699436,0,0,0,0.8418521813559108,0,0,0,0.5512099968271278,0,0,0,0.5563842327254573,0,0,0,0.1266991530669742,0,0,0,0.4800208595191748,0,0.4618323787752127,0,0.1250317519344709,0,ZNF683,LogisticRegression,mono,977,-0.1250317519344709,-0.8140879921068942
1112,20,0.9634098099505788,0,0.9632052951854662,0,0.9255725303546644,0,0.9681244395557131,0,0,0,0.9680633494667108,0,0,0,0.933554396978073,0,0,0,0.3302720575554538,0,0,0,0.3081307588074631,0,0,0,0.2527829072776911,0,0,0,0.2708447402775549,0,0.2733390521353389,0,0.2430658595476592,0,ZNF775,LogisticRegression,mono,5108,-0.2430658595476592,-0.9255725303546644
1120,20,0.888161767172578,0,0.8664675481686673,0,0.7424230269656593,0,0.9334959698437174,0,0,0,0.9091120024622958,0,0,0,0.7819672505575942,0,0,0,0.3964083129627709,0,0,0,0.3765590343770002,0,0,0,0.2193766487137604,0,0,0,0.2980071829125565,0,0.2935961125662537,0,0.2047321876722117,0,ZNF57,LogisticRegression,mono,1425,-0.2047321876722117,-0.7424230269656593
1128,47,0.8058654729712056,0,0.7755123517121892,0,0.7363908860264343,0,0.9094124825180214,0,0,0,0.8749544939066797,0,0,0,0.7835925535281364,0,0,0,0.4330572186799793,0,0,0,0.2193847740461607,0,0,0,0.3096456217656674,0,0,0,0.2608933350852248,0,0.2542725343191414,0,0.2695347180136327,0,ZNF836,LogisticRegression,mono,4142,-0.2695347180136327,-0.7363908860264343
