,Count,roc_auc_train_H_PWM,roc_auc_train_H_PWM_di,roc_auc_test_H_PWM,roc_auc_test_H_PWM_di,roc_auc_test_M_PWM,roc_auc_test_M_PWM_di,roc_auc_train_H,mean_auc_train_H,median_auc_train_H,std_auc_train_H,roc_auc_test_H,mean_auc_test_H,median_auc_test_H,std_auc_test_H,roc_auc_test_M,mean_auc_test_M,median_auc_test_M,std_auc_test_M,pr_auc_train_H,mean_pr_auc_train_H,median_pr_auc_train_H,std_pr_auc_train_H,pr_auc_test_H,mean_pr_auc_test_H,median_pr_auc_test_H,std_pr_auc_test_H,pr_auc_test_M,mean_pr_auc_test_M,median_pr_auc_test_M,std_pr_auc_test_M,pr_auc_train_H_PWM,pr_auc_train_H_PWM_di,pr_auc_test_H_PWM,pr_auc_test_H_PWM_di,pr_auc_test_M_PWM,pr_auc_test_M_PWM_di,TF_name,Model,PWM,Seq_count_positives,Seq_count_random,Seq_count_alien,Seq_count_shades
0,34,0.757104507742292,0,0.7654616762782221,0,0.9568514261386304,0,0.79955286459525,0,0,0,0.7855279834470387,0,0,0,0.9502075699526328,0,0,0,0.0614678496174414,0,0,0,0.0409980502753502,0,0,0,0.1969941086675522,0,0,0,0.0354216412120902,0,0.0340242400708951,0,0.1955028249560477,0,LEUTX,RandomForestClassifier,mono,2706,270600,270600,5377
1,28,0.8994780609377382,0,0.8901957127475226,0,0.9042617907774276,0,0.9597691868855738,0,0,0,0.9322205030614292,0,0,0,0.931739742144522,0,0,0,0.4297715561130112,0,0,0,0.1785972750183852,0,0,0,0.1870908213220058,0,0,0,0.1810712090228823,0,0.0948325614073923,0,0.1283449209518296,0,FBXL19,RandomForestClassifier,mono,5258,525800,525800,10443
2,42,0.8136210230207166,0,0.8467227527381587,0,0.8363730097932074,0,0.8357574295772179,0,0,0,0.8522780805684181,0,0,0,0.8181466774183279,0,0,0,0.1512725098702794,0,0,0,0.1448410882534778,0,0,0,0.0718561395823657,0,0,0,0.0828406628878511,0,0.1570975312169084,0,0.1398926048824874,0,ZBED5,RandomForestClassifier,mono,21703,2170300,1377670,42931
3,38,0.8444495560609147,0,0.8334911473652251,0,0.8393291994429598,0,0.8571739580310272,0,0,0,0.8512276704060413,0,0,0,0.8384803248146336,0,0,0,0.2391798482003736,0,0,0,0.2550777876581834,0,0,0,0.4590740794102768,0,0,0,0.1804497688597017,0,0.2091501301922405,0,0.3749023096106036,0,ZFAT,RandomForestClassifier,mono,12101,1210100,1210100,23412
4,25,0.7238499775352232,0,0.7202545363315773,0,0.7732559779514517,0,0.7638558289516354,0,0,0,0.7479709784456029,0,0,0,0.8359222478132602,0,0,0,0.113516534323462,0,0,0,0.0682732351880542,0,0,0,0.6214702277867814,0,0,0,0.0610840872448309,0,0.0503366488220837,0,0.629240879186883,0,ZSCAN2,RandomForestClassifier,mono,8853,885300,885300,17349
5,26,0.7103722248199786,0,0.7339303965965269,0,0.9803927686352176,0,0.750612404510649,0,0,0,0.7554376704093396,0,0,0,0.9905872216018624,0,0,0,0.0669094865980301,0,0,0,0.0709828620090531,0,0,0,0.7946174761024402,0,0,0,0.0505394202597838,0,0.063077043329449,0,0.7762829676010847,0,LEF1,RandomForestClassifier,mono,12304,1230400,1230400,24524
6,23,0.8880693944449531,0,0.6533958800922535,0,0.97410007283303,0,0.9248866086656672,0,0,0,0.7064687916961045,0,0,0,0.964426258596078,0,0,0,0.1740255301129625,0,0,0,0.0285911137900781,0,0,0,0.5406209681007115,0,0,0,0.0700461422880681,0,0.019860551777754,0,0.4785927498066566,0,ZNF395,RandomForestClassifier,mono,1357,135700,135700,2702
7,22,0.942862531061362,0,0.9557253894836714,0,0.9172629178252644,0,0.9479472069247676,0,0,0,0.9585601426739156,0,0,0,0.9243613098481482,0,0,0,0.4338767025567612,0,0,0,0.681781323461875,0,0,0,0.260242922493255,0,0,0,0.3998731455377198,0,0.6629495918780667,0,0.2633849661034184,0,ZFTA,RandomForestClassifier,mono,29213,2921300,1347065,58100
8,25,0.9070199268140527,0,0.9045401389118716,0,0.9011122940895342,0,0.9222842469475336,0,0,0,0.924872460104552,0,0,0,0.9105809482475896,0,0,0,0.2707199225639582,0,0,0,0.4558738164497294,0,0,0,0.6206312134083039,0,0,0,0.2301789566061231,0,0.4157991868538651,0,0.5066850549424764,0,FOSL2,RandomForestClassifier,mono,30492,3049200,1335576,60709
9,26,0.7342320884584986,0,0.7713600801960347,0,0.7680243087787184,0,0.8833082926005785,0,0,0,0.8618885720650479,0,0,0,0.8809435249956911,0,0,0,0.5230144958499849,0,0,0,0.4472874575054562,0,0,0,0.3864117980088458,0,0,0,0.3138551966322302,0,0.3302990173591281,0,0.1915558293648764,0,ZNF226,RandomForestClassifier,mono,335,33500,33500,670
10,20,0.8344088474477789,0,0.8284961062061543,0,0.8430683960695389,0,0.880185559891948,0,0,0,0.8710129157864317,0,0,0,0.8753459894179895,0,0,0,0.4108193112581716,0,0,0,0.3833693021514572,0,0,0,0.2997630034088073,0,0,0,0.2661962839495493,0,0.2637637634819486,0,0.2325814487105559,0,ZNF407,RandomForestClassifier,mono,896,89600,89600,1772
11,20,0.8967304429638012,0,0.9001616997730436,0,0.8974354722844065,0,0.9362726246396348,0,0,0,0.9356932522652672,0,0,0,0.9261242022787264,0,0,0,0.6367762066563568,0,0,0,0.6840627179216217,0,0,0,0.7259551292334979,0,0,0,0.4881669958715807,0,0.5625555114984506,0,0.6755586644405281,0,ZNF260,RandomForestClassifier,mono,2171,217100,217100,4201
12,24,0.7738421195515902,0,0.6864798943092798,0,0.8477148990567933,0,0.8698989521445301,0,0,0,0.7519624109260055,0,0,0,0.9023101026722448,0,0,0,0.2063787366550017,0,0,0,0.0317942759209444,0,0,0,0.1068185273429453,0,0,0,0.0740712175255814,0,0.0208285756042611,0,0.0061123671066131,0,DNTTIP1,RandomForestClassifier,mono,5841,584100,584100,11485
13,28,0.8124372627296406,0,0.7344274307437717,0,0.8380660774805359,0,0.8272716012719369,0,0,0,0.7526456348719504,0,0,0,0.8516362609002857,0,0,0,0.1857197331563037,0,0,0,0.1693208891515576,0,0,0,0.5983060007280474,0,0,0,0.1304286017462729,0,0.1600847718171184,0,0.5970775872364865,0,JRK,RandomForestClassifier,mono,3901,390100,390100,7757
14,30,0.85270864173643,0,0.8584841361216734,0,0.9175148214592496,0,0.9054953236079748,0,0,0,0.9096468091668384,0,0,0,0.9285813469963616,0,0,0,0.3630040958818171,0,0,0,0.39827387671789,0,0,0,0.2884726824843098,0,0,0,0.2516671571370378,0,0.2853810299616274,0,0.1338671974648314,0,ZNF471,RandomForestClassifier,mono,10136,1013600,1013600,20176
15,38,0.7599692599905523,0,0.8215260295336441,0,0.7306310198370317,0,0.8423977716957683,0,0,0,0.8807896321879005,0,0,0,0.7181295365096318,0,0,0,0.1367356187243674,0,0,0,0.1789781908331398,0,0,0,0.0202326389713974,0,0,0,0.0544490181422074,0,0.1097649738592318,0,0.013176711874348,0,ZBTB8A,RandomForestClassifier,mono,18230,1823000,1289655,35761
16,25,0.891643577867023,0,0.8859072232877865,0,0.8792587196850656,0,0.8984517292550851,0,0,0,0.8923853959200988,0,0,0,0.8870175112443454,0,0,0,0.4627753623073623,0,0,0,0.4779063829167462,0,0,0,0.6125682102033719,0,0,0,0.3773454854730654,0,0.3912852680311022,0,0.5106834743262114,0,ZNF251,RandomForestClassifier,mono,10263,1026300,1026300,20473
17,34,0.8956597741610302,0,0.9328339076415346,0,0.925366201081258,0,0.9504717172866806,0,0,0,0.954829163532238,0,0,0,0.9080123502230032,0,0,0,0.7585866306575646,0,0,0,0.7817382881148514,0,0,0,0.5405582444714586,0,0,0,0.6562780116953343,0,0.7520920210595183,0,0.5077722553032576,0,ZNF493,RandomForestClassifier,mono,406,40600,40600,779
18,23,0.7516144202242215,0,0.6345586542203204,0,0.7409661803012654,0,0.7776519090544795,0,0,0,0.6435955577931947,0,0,0,0.6911535367898832,0,0,0,0.0958856565433425,0,0,0,0.09208914226478,0,0,0,0.34053088709818,0,0,0,0.0488326776579147,0,0.0719298282998818,0,0.2530929364844755,0,VDR,RandomForestClassifier,mono,3113,311300,311300,6183
19,20,0.880264405657228,0,0.8783065025794187,0,0.6578380415858719,0,0.9274426582783506,0,0,0,0.921220442154976,0,0,0,0.6569261092345865,0,0,0,0.5189771189561075,0,0,0,0.5030527025160649,0,0,0,0.1812318065201592,0,0,0,0.2991891689092597,0,0.379361303458397,0,0.1114698401552772,0,ZNF322,RandomForestClassifier,mono,1093,109300,109300,2078
20,33,0.8072895080601898,0,0.7904108650353804,0,0.915368199725196,0,0.8478170901196121,0,0,0,0.831805078042156,0,0,0,0.9555994718696406,0,0,0,0.3758847671447013,0,0,0,0.3026251283187542,0,0,0,0.4766816325632276,0,0,0,0.2151607140428434,0,0.164652813635906,0,0.2182904221184068,0,NACC2,RandomForestClassifier,mono,5757,575700,575700,11427
21,25,0.8618025283699793,0,0.8482436401468111,0,0.6426638453864635,0,0.8728756757512303,0,0,0,0.8614390711243887,0,0,0,0.6507768688474084,0,0,0,0.2827520607497287,0,0,0,0.2588831748942193,0,0,0,0.1456818256773531,0,0,0,0.1899166920932206,0,0.1569685976625003,0,0.140785572105615,0,ZNF107,RandomForestClassifier,mono,19572,1957200,1558005,38805
22,27,0.7829299134920569,0,0.7836557018260859,0,0.7887097395155559,0,0.8156274192091862,0,0,0,0.7987978360595168,0,0,0,0.8272478557012829,0,0,0,0.0859294678350262,0,0,0,0.0612361502320322,0,0,0,0.1065032714790847,0,0,0,0.0473083084507284,0,0.0419366630604258,0,0.0581894490641447,0,ZNF648,RandomForestClassifier,mono,6091,609100,609100,12126
23,20,0.6935470863683663,0,0.7195739619377163,0,0.8992288366904264,0,0.9864906347554632,0,0,0,0.8418187716262976,0,0,0,0.7333491370925649,0,0,0,0.5886284111220705,0,0,0,0.2211074228948318,0,0,0,0.2081741515377696,0,0,0,0.1882569928428164,0,0.1321462494930297,0,0.4043640739334084,0,CAMTA2,RandomForestClassifier,mono,68,6800,6800,48
24,29,0.57190309787848,0,0.6219931157699652,0,0.784224317207378,0,0.5976465495490305,0,0,0,0.5901029843407136,0,0,0,0.9102277126718816,0,0,0,0.0826919524788388,0,0,0,0.078594822375962,0,0,0,0.6021854766527538,0,0,0,0.0478613971906721,0,0.0605299203151473,0,0.3656954879766533,0,ZNF841,RandomForestClassifier,mono,18299,1829900,1587307,35455
25,29,0.7786542787076034,0,0.7461383907961767,0,0.6268691057459862,0,0.8321390276577318,0,0,0,0.8085435988992555,0,0,0,0.6382880194317787,0,0,0,0.0970048243796147,0,0,0,0.1232769086601897,0,0,0,0.2881908788469529,0,0,0,0.0604200790585616,0,0.0706464587710393,0,0.1188468663076573,0,TIGD4,RandomForestClassifier,mono,22249,2224900,1338111,43857
26,26,0.7653759609654911,0,0.7762081524341473,0,0.7485033166785486,0,0.8069611084771575,0,0,0,0.7897923014299841,0,0,0,0.8006155302498108,0,0,0,0.313963178923112,0,0,0,0.2321347640239353,0,0,0,0.2351873960403878,0,0,0,0.2041923485439429,0,0.1770654417841146,0,0.1756980130437388,0,ZNF470,RandomForestClassifier,mono,1059,105900,105900,2100
27,26,0.7537050378134861,0,0.6859657545353733,0,0.73351908729753,0,0.7999666741345512,0,0,0,0.7364896095726784,0,0,0,0.7891899588291074,0,0,0,0.1165168244912853,0,0,0,0.1014345979412648,0,0,0,0.2218258131160758,0,0,0,0.0566343547145813,0,0.0739131979293221,0,0.1610933517091247,0,ZNF510,RandomForestClassifier,mono,4941,494100,494100,9837
28,20,0.9465423450603512,0,0.9580666141608488,0,0.9113430100789118,0,0.9637279720462584,0,0,0,0.9689858648045514,0,0,0,0.934832865920346,0,0,0,0.2931344877816042,0,0,0,0.6779346870504679,0,0,0,0.1234476392648705,0,0,0,0.214286290474676,0,0.6069787518666474,0,0.1034029413358516,0,ZNF384,RandomForestClassifier,mono,105319,10531900,1345276,205812
29,40,0.8815302484810333,0,0.8805436045662131,0,0.9582873080700374,0,0.8872213943435567,0,0,0,0.8863158818098192,0,0,0,0.9661165450409812,0,0,0,0.3489248803658446,0,0,0,0.5369179534406681,0,0,0,0.7502445551549948,0,0,0,0.3078114705528816,0,0.506935268386528,0,0.6930295937493064,0,CTCF,RandomForestClassifier,mono,51547,5154700,1114628,102141
30,20,0.907876138906938,0,0.8930649538074573,0,0.9468590397118524,0,0.9213609247289763,0,0,0,0.9111772437748832,0,0,0,0.9606125406564038,0,0,0,0.5147040522941216,0,0,0,0.5160066412612793,0,0,0,0.7999147075653669,0,0,0,0.4186472546634627,0,0.4628164093497417,0,0.7495578380945154,0,ZNF134,RandomForestClassifier,mono,2092,209200,209200,4012
31,43,0.8927092424894211,0,0.9141416563332844,0,0.9429902428971024,0,0.9174035610964996,0,0,0,0.9295065998337304,0,0,0,0.9530325259454104,0,0,0,0.4605092726001039,0,0,0,0.5253410000544113,0,0,0,0.5428646062615173,0,0,0,0.3125369946128026,0,0.3966429683130085,0,0.4944319802257734,0,KDM2A,RandomForestClassifier,mono,10147,1014700,1014700,19853
32,30,0.8799598126331718,0,0.934830691830693,0,0.8783174374698092,0,0.8987587071524481,0,0,0,0.9459298033466188,0,0,0,0.8901400632026907,0,0,0,0.1140214145032341,0,0,0,0.541087260318718,0,0,0,0.2015271297526595,0,0,0,0.0979326928942601,0,0.50177242782949,0,0.1928913249126341,0,TPRX1,RandomForestClassifier,mono,91794,9179400,1473889,181418
33,21,0.8905086231983705,0,0.9080085184321997,0,0.9511816302504236,0,0.906324801788362,0,0,0,0.916402683775724,0,0,0,0.9595116058588226,0,0,0,0.1984793698809608,0,0,0,0.4297388486013468,0,0,0,0.5211728664235338,0,0,0,0.1466507950558658,0,0.3668586110887566,0,0.4519613013043386,0,ELF3,RandomForestClassifier,mono,37515,3751500,1266171,74465
34,26,0.7444850361413525,0,0.7449691517779392,0,0.6915193559353264,0,0.8041157610429406,0,0,0,0.7837997328293596,0,0,0,0.7162182862843974,0,0,0,0.0674796250630386,0,0,0,0.0435889051602117,0,0,0,0.0271854466101895,0,0,0,0.0413563926782278,0,0.0358758067933981,0,0.0191812286268005,0,SRY,RandomForestClassifier,mono,3678,367800,367800,7324
35,23,0.911841120418347,0,0.9112842982089102,0,0.6961317958581836,0,0.9332848191661424,0,0,0,0.9312710001688956,0,0,0,0.7636809488264821,0,0,0,0.3567183418998289,0,0,0,0.2902575465829177,0,0,0,0.03319822854422,0,0,0,0.174688125482499,0,0.1601122441254338,0,0.0218024181757582,0,ZNF131,RandomForestClassifier,mono,6944,694400,694400,13778
36,30,0.7109144719823636,0,0.7749557425855438,0,0.9530422550084908,0,0.7647509993768622,0,0,0,0.8076116859812928,0,0,0,0.8952306972457389,0,0,0,0.1272952291855804,0,0,0,0.1180445233142994,0,0,0,0.059184345747813,0,0,0,0.0474511462148331,0,0.0714279200812495,0,0.1947453443981324,0,SALL3,RandomForestClassifier,mono,1833,183300,183300,3648
37,22,0.7306352802547162,0,0.791625805198314,0,0.9482555406099904,0,0.7691554873598702,0,0,0,0.810100893031982,0,0,0,0.9638903869702872,0,0,0,0.0730802880382877,0,0,0,0.1487459535240005,0,0,0,0.739676118191987,0,0,0,0.0527899769029941,0,0.1317607756715881,0,0.5929686423124534,0,PRDM10,RandomForestClassifier,mono,23536,2353600,1301981,46097
38,24,0.9090790669298116,0,0.9329992760346938,0,0.98554609831997,0,0.9103324593731408,0,0,0,0.935012577397646,0,0,0,0.9906974417008224,0,0,0,0.4559898302866695,0,0,0,0.5862267111651083,0,0,0,0.702892710272376,0,0,0,0.403105008671017,0,0.5337431080496168,0,0.5235026954320936,0,NFKB1,RandomForestClassifier,mono,16856,1685600,1434540,33547
39,23,0.875347173553719,0,0.9181485607887429,0,0.8743544000268335,0,0.92228,0,0,0,0.9192930618723482,0,0,0,0.9307403057113568,0,0,0,0.6448345121241549,0,0,0,0.6406381464191586,0,0,0,0.42251480072978,0,0,0,0.5092324852262621,0,0.5985977016407777,0,0.237386560241383,0,ZNF726,RandomForestClassifier,mono,181,18100,18100,352
40,20,0.773825440677827,0,0.7394569692165411,0,0.8145011007699565,0,0.8268714953079203,0,0,0,0.8037813185361342,0,0,0,0.8403782804691959,0,0,0,0.4224577338442338,0,0,0,0.4112238485269489,0,0,0,0.6516793499201393,0,0,0,0.3312169144629054,0,0.3448536433195462,0,0.5489543632863566,0,GLI4,RandomForestClassifier,mono,435,43500,43500,694
41,31,0.8084093842765488,0,0.7850910170609859,0,0.9200736410371418,0,0.825453579750391,0,0,0,0.7966147903771431,0,0,0,0.92294809978091,0,0,0,0.3617661511806271,0,0,0,0.3565117228328417,0,0,0,0.5874965095178483,0,0,0,0.3052944936658485,0,0.3246543123188475,0,0.5607745344639286,0,ZNF20,RandomForestClassifier,mono,1545,154500,154500,3072
42,20,0.7488314970985382,0,0.7401252293546866,0,0.6289121899837211,0,0.7958264208802351,0,0,0,0.7796650785656387,0,0,0,0.6458509687509975,0,0,0,0.398083831880353,0,0,0,0.3462634050858712,0,0,0,0.2469539652406644,0,0,0,0.3080471734622403,0,0.3028333525066672,0,0.2107523969125141,0,ZNF264,RandomForestClassifier,mono,1086,108600,108600,2074
43,27,0.92821534405323,0,0.923895894692299,0,0.9484757926495854,0,0.9448942936421908,0,0,0,0.94299800277169,0,0,0,0.9609366815533,0,0,0,0.5142703378821533,0,0,0,0.5147136483283111,0,0,0,0.4559818681232402,0,0,0,0.3079797269209856,0,0.3448106991065073,0,0.3173696680013312,0,ZNF780B,RandomForestClassifier,mono,3301,330100,330100,6276
44,28,0.8287351238935223,0,0.8525164858899209,0,0.9104167305119334,0,0.8870279055630944,0,0,0,0.8997063642452746,0,0,0,0.9707374665522922,0,0,0,0.2395469886012047,0,0,0,0.3397878837517774,0,0,0,0.6522394745151643,0,0,0,0.1549355780568551,0,0.2325842566416032,0,0.3572404632530437,0,FLI1,RandomForestClassifier,mono,22632,2263200,1288304,45014
45,20,0.8326791168131271,0,0.771980278485479,0,0.7801083587927796,0,0.9006821733797181,0,0,0,0.7995015268185616,0,0,0,0.808650794289572,0,0,0,0.1811896824203491,0,0,0,0.0526718162486796,0,0,0,0.096660974151704,0,0,0,0.061523415935543,0,0.0544183337299283,0,0.111956225663487,0,CAMTA1,RandomForestClassifier,mono,878,87800,87800,1668
46,20,0.7718302982261595,0,0.7203611651220929,0,0.7803467143348652,0,0.9487037934974638,0,0,0,0.8936103570616903,0,0,0,0.799893802003106,0,0,0,0.4804951224758056,0,0,0,0.1756847600379552,0,0,0,0.224981624367704,0,0,0,0.106090798759689,0,0.0945319323064658,0,0.2651852877437685,0,CREB3L3,RandomForestClassifier,mono,398,39800,39800,789
47,32,0.8595221177401283,0,0.9007043340379388,0,0.903638982897564,0,0.8741534500591344,0,0,0,0.9073955104189952,0,0,0,0.9328327870781594,0,0,0,0.1470473219954417,0,0,0,0.2721530803063738,0,0,0,0.418670864709657,0,0,0,0.1075305632938271,0,0.2229954438906319,0,0.2156238193981875,0,ZSCAN25,RandomForestClassifier,mono,21408,2140800,1295120,40395
48,23,0.7433548237807048,0,0.7742587300377652,0,0.463638794954158,0,0.8825779814880741,0,0,0,0.8806764085759284,0,0,0,0.5801538893013946,0,0,0,0.4797221608155388,0,0,0,0.4241362263018016,0,0,0,0.200315790532931,0,0,0,0.1747178618840091,0,0.1803593425706149,0,0.0357921661669514,0,ZNF234,RandomForestClassifier,mono,486,48600,48600,970
49,22,0.7767416824245272,0,0.7804516650046901,0,0.9573749226845708,0,0.7943114341073971,0,0,0,0.8070653145592613,0,0,0,0.9631389531939116,0,0,0,0.1213931093272298,0,0,0,0.3919225133032176,0,0,0,0.4439047448246435,0,0,0,0.0970406630808909,0,0.3723377005247186,0,0.3323417596476281,0,TIGD3,RandomForestClassifier,mono,70744,7074400,1158889,139062
50,23,0.901266203522243,0,0.913015771435086,0,0.6160741519927978,0,0.9097436677408296,0,0,0,0.9173215942920168,0,0,0,0.6328492832183837,0,0,0,0.4007101199046708,0,0,0,0.3630681092981726,0,0,0,0.0186508760308032,0,0,0,0.2410159672015937,0,0.2216405742717215,0,0.0185360691535201,0,RLF,RandomForestClassifier,mono,7634,763400,763400,15092
51,20,0.8983206840332837,0,0.917787901292612,0,0.9551079662525928,0,0.909173383018987,0,0,0,0.9216779631611016,0,0,0,0.9660388703246776,0,0,0,0.1905523176846306,0,0,0,0.4386466440891311,0,0,0,0.6005443608369794,0,0,0,0.1483938993828824,0,0.3822674703307072,0,0.5702270107259109,0,ZNF367,RandomForestClassifier,mono,42712,4271200,1365517,83588
52,23,0.8353566826010841,0,0.8600606009782459,0,0.9302583776158388,0,0.8558895954875951,0,0,0,0.8859132463178188,0,0,0,0.9498754908005886,0,0,0,0.1047524851891407,0,0,0,0.3169441439694679,0,0,0,0.5925161125650911,0,0,0,0.0717367044232843,0,0.2107234036369818,0,0.3742431814429874,0,MSANTD1,RandomForestClassifier,mono,44457,4445700,1282607,87820
53,24,0.7464504202576816,0,0.78771870809694,0,0.9512478492322024,0,0.8189422022396676,0,0,0,0.8159440983180481,0,0,0,0.9699614099338874,0,0,0,0.3327839219547293,0,0,0,0.4631666866189273,0,0,0,0.8934771154063638,0,0,0,0.2944813029033823,0,0.4463318228559527,0,0.8780307497003373,0,ZBTB40,RandomForestClassifier,mono,29979,2997900,1357308,59206
54,30,0.5947052252617028,0,0.5970975009728461,0,0.6450522253069395,0,0.6593793934835391,0,0,0,0.6334855157451743,0,0,0,0.7382577870039562,0,0,0,0.0230568052447247,0,0,0,0.0276288483895387,0,0,0,0.0330289348770894,0,0,0,0.0158377557196667,0,0.0251492852942542,0,0.0197687047961817,0,MKX,RandomForestClassifier,mono,17962,1796200,1311212,35531
55,37,0.9647407999883024,0,0.9701583212209596,0,0.9450522137217484,0,0.9748625754118008,0,0,0,0.9776884789914172,0,0,0,0.9543781840303917,0,0,0,0.4882735069420574,0,0,0,0.800439978674461,0,0,0,0.2135009816221612,0,0,0,0.4007425160362806,0,0.7595740128724929,0,0.1907929374874574,0,ZNF362,RandomForestClassifier,mono,80770,8077000,1330143,159115
56,23,0.7257732458617195,0,0.7170007066410988,0,0.5308710237887557,0,0.804775887513626,0,0,0,0.797536185738757,0,0,0,0.5255875162444319,0,0,0,0.102508239057941,0,0,0,0.156739096893609,0,0,0,0.010465271761626,0,0,0,0.0592733736066821,0,0.0872417829510847,0,0.0131378999364044,0,PAX7,RandomForestClassifier,mono,26424,2642400,1369474,52576
57,35,0.8391107997606314,0,0.6894414083804665,0,0.8186706424423174,0,0.8853297510884994,0,0,0,0.7281556354132818,0,0,0,0.9136301688882384,0,0,0,0.1784516495981461,0,0,0,0.0798623024393266,0,0,0,0.3864145175496401,0,0,0,0.0769259202379471,0,0.0236583558307488,0,0.1663953926118646,0,ZNF48,RandomForestClassifier,mono,3301,330100,330100,6536
58,28,0.747778953231579,0,0.6978041027386981,0,0.6460907383786848,0,0.8354737494295196,0,0,0,0.7558624574781533,0,0,0,0.7046504747732427,0,0,0,0.066421861497244,0,0,0,0.0298670407972516,0,0,0,0.0379312449688303,0,0,0,0.0272806503092713,0,0.0209113409340922,0,0.0236859448854901,0,SP100,RandomForestClassifier,mono,10164,1016400,1016400,19478
59,23,0.7845622832170005,0,0.7800906691807963,0,0.8419637222388276,0,0.8378198309461238,0,0,0,0.8176388932585952,0,0,0,0.8727346595644254,0,0,0,0.150815341493295,0,0,0,0.1407770344664834,0,0,0,0.3965847103996069,0,0,0,0.0571129347675192,0,0.0591020764692701,0,0.2265650129836442,0,GABPA,RandomForestClassifier,mono,8076,807600,807600,16075
60,31,0.7395997765346456,0,0.7814519942282402,0,0.8530628990597092,0,0.7672666761621341,0,0,0,0.7936733723101463,0,0,0,0.9111755923486804,0,0,0,0.1515129721849084,0,0,0,0.2149680244914171,0,0,0,0.450998349166248,0,0,0,0.0835842847277901,0,0.1472372169612784,0,0.2878381853135243,0,ZNF347,RandomForestClassifier,mono,21432,2143200,1261835,42045
61,20,0.8757108012242628,0,0.8932037521996196,0,0.7984620280397289,0,0.9178222325774836,0,0,0,0.9416980687186942,0,0,0,0.8151129925777189,0,0,0,0.173389962405361,0,0,0,0.4309107730321075,0,0,0,0.0931274465752574,0,0,0,0.0788274769984525,0,0.2715225017620442,0,0.0176287414986153,0,ZNF770,RandomForestClassifier,mono,36585,3658500,1447194,71950
62,20,0.9729133062557964,0,0.9507213859247968,0,0.9553112020010815,0,0.9807617066829054,0,0,0,0.9704018436240004,0,0,0,0.9497109991887508,0,0,0,0.9042420497088312,0,0,0,0.8962001970933711,0,0,0,0.843165686357881,0,0,0,0.8605807087589095,0,0.8741500672392841,0,0.8426704406131686,0,ZNF436,RandomForestClassifier,mono,1968,196800,196800,3839
63,32,0.93723783549079,0,0.8786515032114396,0,0.8303855217827691,0,0.9545054192334972,0,0,0,0.8985449142827785,0,0,0,0.8464382002088758,0,0,0,0.3221544638686102,0,0,0,0.0913603134651782,0,0,0,0.0768422636158031,0,0,0,0.1799736826416101,0,0.0628793530817616,0,0.0727128537022564,0,SLC2A4RG,RandomForestClassifier,mono,3836,383600,383600,7643
64,40,0.8407123417595046,0,0.8686543550019585,0,0.8073699899481551,0,0.8697437977290321,0,0,0,0.8816312553523675,0,0,0,0.8118345614917315,0,0,0,0.1804189859417786,0,0,0,0.2308595545786192,0,0,0,0.0820471318601613,0,0,0,0.1101296906116621,0,0.2027039230851819,0,0.1072572004783729,0,ZBTB41,RandomForestClassifier,mono,25054,2505400,1266593,49051
65,21,0.9198842433752786,0,0.9312886178246342,0,0.9722811093092332,0,0.9314142767656708,0,0,0,0.942989125819458,0,0,0,0.9821861888286536,0,0,0,0.3174355347281796,0,0,0,0.4288875804981962,0,0,0,0.8636052778077777,0,0,0,0.2228243474474873,0,0.2485768014055211,0,0.6777925488588642,0,FIZ1,RandomForestClassifier,mono,13180,1318000,1318000,26198
66,20,0.9625299989807296,0,0.957539063743118,0,0.9471315801614764,0,0.9862357726841712,0,0,0,0.9748932765353858,0,0,0,0.952136768935025,0,0,0,0.831162867891604,0,0,0,0.8535701183559299,0,0,0,0.8428800990460316,0,0,0,0.5997514425783043,0,0.7300804015309434,0,0.7390663916852832,0,ZNF250,RandomForestClassifier,mono,469,46900,46900,820
67,28,0.8712808081215029,0,0.9104214815626496,0,0.7895022518089525,0,0.903744113991885,0,0,0,0.9237573340403984,0,0,0,0.8257526074534665,0,0,0,0.4110893786633125,0,0,0,0.4978643153529449,0,0,0,0.0312416953903708,0,0,0,0.2283443545356731,0,0.3348469827522836,0,0.0337165662526862,0,CXXC4,RandomForestClassifier,mono,10530,1053000,1053000,20901
68,20,0.8870989990234375,0,0.8672321645970295,0,0.9345177849750488,0,0.958884506225586,0,0,0,0.8848275302329356,0,0,0,0.948908089405154,0,0,0,0.6519886178014155,0,0,0,0.5927986857664436,0,0,0,0.2188583324390998,0,0,0,0.4102016097768519,0,0.5161986890761814,0,0.1151576564793962,0,ZNF233,RandomForestClassifier,mono,222,22200,22200,440
69,32,0.8050545403147856,0,0.8000902461094107,0,0.8877019557823129,0,0.8614727912366493,0,0,0,0.8328382977124992,0,0,0,0.850192788052721,0,0,0,0.2510106945495892,0,0,0,0.1811402803766888,0,0,0,0.079453782615253,0,0,0,0.1840685131327341,0,0.1685227393345814,0,0.1776731758479058,0,ZNF142,RandomForestClassifier,mono,6105,610500,610500,12002
70,23,0.8343175882148746,0,0.867763613997292,0,0.866982430020885,0,0.8616924319951215,0,0,0,0.887049251427724,0,0,0,0.8983546887747936,0,0,0,0.0959711447602261,0,0,0,0.2765283218008295,0,0,0,0.1628996247571871,0,0,0,0.0559473006187104,0,0.1903300579331832,0,0.0636338723957981,0,MYF6,RandomForestClassifier,mono,33204,3320400,1136417,65897
71,25,0.7778010345696218,0,0.8426844774182739,0,0.8042523299201484,0,0.8133852391606603,0,0,0,0.8759078608669848,0,0,0,0.8314056250790249,0,0,0,0.0417334020129819,0,0,0,0.1304854712676598,0,0,0,0.1416893689567909,0,0,0,0.0309295843012515,0,0.0891880754991959,0,0.0750254556826233,0,SOX2,RandomForestClassifier,mono,35190,3519000,1545648,69961
72,25,0.7281886705064629,0,0.7215428479313247,0,0.7454913166276065,0,0.767050177810187,0,0,0,0.7309581571688766,0,0,0,0.7796018748873264,0,0,0,0.0877199532986302,0,0,0,0.0499074048489783,0,0,0,0.2436495347281309,0,0,0,0.0479228541473338,0,0.0356083082080214,0,0.1209628538889087,0,ZNF500,RandomForestClassifier,mono,9484,948400,948400,18590
73,36,0.8308724405367792,0,0.8226277838931961,0,0.9458820416775168,0,0.9289283896623708,0,0,0,0.9122318171759104,0,0,0,0.97628063050431,0,0,0,0.3852429480661002,0,0,0,0.3324333850928029,0,0,0,0.950091977834037,0,0,0,0.1259673070944142,0,0.1408180817267804,0,0.7494652903725255,0,FLYWCH1,RandomForestClassifier,mono,1448,144800,144800,2748
74,25,0.8687969804570368,0,0.8946470495056112,0,0.758060954389995,0,0.8850581335704056,0,0,0,0.9092510519497604,0,0,0,0.8220931178570723,0,0,0,0.2257822780709909,0,0,0,0.4301171852308789,0,0,0,0.0776525254072787,0,0,0,0.1208664736187387,0,0.3293559219706943,0,0.0527431708824004,0,PRDM5,RandomForestClassifier,mono,38555,3855500,1195026,76368
75,23,0.9047749064735991,0,0.7608069288714624,0,0.8408799660383162,0,0.9470563641627296,0,0,0,0.7979459441458144,0,0,0,0.8856442933059132,0,0,0,0.2230857692662813,0,0,0,0.0466293225086883,0,0,0,0.1126170621496345,0,0,0,0.0972809268746002,0,0.0394913891558701,0,0.0755020578114234,0,FAM200B,RandomForestClassifier,mono,957,95700,95700,1904
76,27,0.7817459849114429,0,0.7975035451295854,0,0.8248896407131929,0,0.8196135755068611,0,0,0,0.8253396617309507,0,0,0,0.9083919793656292,0,0,0,0.0791544521576842,0,0,0,0.0654210566654705,0,0,0,0.0974925615719179,0,0,0,0.0478866257929483,0,0.0490873289075326,0,0.047933637659801,0,ZNF831,RandomForestClassifier,mono,8638,863800,863800,17172
77,21,0.8919495943792345,0,0.9218018602544924,0,0.573826217151351,0,0.9104406471391993,0,0,0,0.9270162277915976,0,0,0,0.5379266034598038,0,0,0,0.3192963841874925,0,0,0,0.5433005195696765,0,0,0,0.0263294756265888,0,0,0,0.1847441726151616,0,0.4455594118830404,0,0.0398146090882684,0,ZBED9,RandomForestClassifier,mono,24442,2444200,1432727,48434
78,55,0.7995100144579224,0,0.8351729288327949,0,0.9127302372503426,0,0.8084248003103016,0,0,0,0.8374315130556462,0,0,0,0.9207704289232732,0,0,0,0.1480485577656446,0,0,0,0.2465338731109051,0,0,0,0.3485258164428974,0,0,0,0.1014451684379431,0,0.1936371795798831,0,0.2409512718676477,0,YY1,RandomForestClassifier,mono,20802,2080200,1263511,41106
79,34,0.8279910114916428,0,0.8469213346929898,0,0.7633155976262486,0,0.8776442447004341,0,0,0,0.8834497075123415,0,0,0,0.8530661595522391,0,0,0,0.2774355805193365,0,0,0,0.1223475060108418,0,0,0,0.0796657933846,0,0,0,0.1160877733818803,0,0.0835462779512623,0,0.0531324113835032,0,MAX,RandomForestClassifier,mono,9289,928900,928900,18468
80,29,0.7009091048993827,0,0.6902214628398283,0,0.5823346288434199,0,0.8364889168034072,0,0,0,0.7103171450214629,0,0,0,0.6743814601121725,0,0,0,0.1704879166054005,0,0,0,0.058095467365584,0,0,0,0.027267850451203,0,0,0,0.0418732802303773,0,0.0370598363838912,0,0.014753760893843,0,ZNF292,RandomForestClassifier,mono,545,54500,54500,1072
81,20,0.6761930483417756,0,0.6775207270408163,0,0.8851052117302065,0,0.7503222963615763,0,0,0,0.6979937868702168,0,0,0,0.888282151110343,0,0,0,0.1743508194418018,0,0,0,0.0757887228100521,0,0,0,0.2248535472341428,0,0,0,0.0860939565239156,0,0.0588826370351012,0,0.173076066825583,0,RORB,RandomForestClassifier,mono,448,44800,44800,890
82,26,0.8173948521717896,0,0.8320338442929727,0,0.7963781881654297,0,0.8846698940813773,0,0,0,0.8752586071789141,0,0,0,0.8311258063012575,0,0,0,0.3215286262594594,0,0,0,0.1599820478259189,0,0,0,0.0384120427498205,0,0,0,0.169492928151554,0,0.1047809480603611,0,0.0305926743442713,0,TET3,RandomForestClassifier,mono,7283,728300,728300,14504
83,23,0.840980673650605,0,0.8308802492146489,0,0.8182892093839108,0,0.8564280010850374,0,0,0,0.8287587215212143,0,0,0,0.8494933574522089,0,0,0,0.0598781677238362,0,0,0,0.1252424437299971,0,0,0,0.0742464547010526,0,0,0,0.0489927415773687,0,0.1232464894373578,0,0.0475148619666982,0,SP140L,RandomForestClassifier,mono,40773,4077300,1654517,79352
84,20,0.9447063235789244,0,0.9247638941144852,0,0.7023776937618147,0,0.9646454005492092,0,0,0,0.9395461838215532,0,0,0,0.808075236294896,0,0,0,0.8587564504170208,0,0,0,0.75754686808045,0,0,0,0.3676040080615501,0,0,0,0.7949432261234772,0,0.7007959609466815,0,0.2928050559194077,0,ZFP3,RandomForestClassifier,mono,610,61000,61000,1125
85,20,0.7481756969592839,0,0.7681763683835143,0,0.8305042251221827,0,0.829964202581207,0,0,0,0.8409220872725157,0,0,0,0.8925365635127862,0,0,0,0.1895485969594706,0,0,0,0.1826967635753562,0,0,0,0.3295560039632587,0,0,0,0.078464831523534,0,0.0856369847056592,0,0.1596685565003477,0,ZNF43,RandomForestClassifier,mono,8234,823400,823400,16436
86,20,0.6468410969846782,0,0.6192550134420802,0,0.6212526638057808,0,0.6956060588231837,0,0,0,0.6495915226098676,0,0,0,0.8715512663289791,0,0,0,0.0777184967195627,0,0,0,0.0841868476496905,0,0,0,0.174740050388657,0,0,0,0.0444246307761549,0,0.0476218206586372,0,0.1036882113230518,0,ZNF35,RandomForestClassifier,mono,22227,2222700,1381037,43825
87,21,0.8964816679663313,0,0.9205037471351378,0,0.895950181089584,0,0.9102407147503556,0,0,0,0.9293220589124014,0,0,0,0.903765911653072,0,0,0,0.1321673402522784,0,0,0,0.2602088114722504,0,0,0,0.0936018184328386,0,0,0,0.0985823460424457,0,0.2306656835990357,0,0.1193331040841103,0,GCM1,RandomForestClassifier,mono,27700,2770000,1282444,54513
88,24,0.8457083161174,0,0.875915769988929,0,0.873037209303104,0,0.8558026503954319,0,0,0,0.8851788339790324,0,0,0,0.9163380024399536,0,0,0,0.0883744437710713,0,0,0,0.1418625996397785,0,0,0,0.1235174655546626,0,0,0,0.0712881822448734,0,0.1127962006945977,0,0.0614951697942299,0,PRDM13,RandomForestClassifier,mono,23597,2359700,1349164,46173
89,31,0.6851419493773603,0,0.618484245717811,0,0.8309557062263858,0,0.7791718797790331,0,0,0,0.705098855512411,0,0,0,0.9775106775011646,0,0,0,0.2051205403212353,0,0,0,0.1808059996456115,0,0,0,0.7505852829090884,0,0,0,0.1533585840373284,0,0.1793637263899375,0,0.7255727137262822,0,TERF1,RandomForestClassifier,mono,664,66400,66400,1303
90,21,0.7956489071781186,0,0.8225397977886266,0,0.6012579121847645,0,0.8120637774699666,0,0,0,0.8258496614667248,0,0,0,0.6487718169314077,0,0,0,0.2019683580825402,0,0,0,0.2377921118760463,0,0,0,0.3143540002126176,0,0,0,0.1512344955474089,0,0.1854520248861944,0,0.3197294457026673,0,RFX5,RandomForestClassifier,mono,18486,1848600,1355652,36503
91,26,0.892725589379034,0,0.9199989014099278,0,0.9432747045220846,0,0.9167730309659962,0,0,0,0.9399993129584244,0,0,0,0.9679797245263052,0,0,0,0.2140665257621982,0,0,0,0.3119481354405336,0,0,0,0.5503753475996467,0,0,0,0.1213760728036535,0,0.2034498448253519,0,0.4526278764551348,0,DMTF1,RandomForestClassifier,mono,14047,1404700,1398431,27890
92,20,0.8465802543984947,0,0.8523779574125577,0,0.6913273278061225,0,0.8932155857883671,0,0,0,0.8881180807322695,0,0,0,0.8256191206951531,0,0,0,0.183144550957911,0,0,0,0.1014771484793255,0,0,0,0.0962091535639107,0,0,0,0.1106357709229568,0,0.0725061168412559,0,0.0343906018014071,0,ZBTB8B,RandomForestClassifier,mono,7084,708400,708400,13537
93,24,0.6824891719344343,0,0.6918853187256919,0,0.7993885497267353,0,0.7179516278686098,0,0,0,0.7216576940833808,0,0,0,0.8690547845360578,0,0,0,0.0292681180049586,0,0,0,0.024723941862316,0,0,0,0.0871535989462484,0,0,0,0.0210495105917451,0,0.0206885542081703,0,0.0386664382242238,0,SOX15,RandomForestClassifier,mono,10689,1068900,1068900,21328
94,24,0.7780337373389318,0,0.6606916740521313,0,0.6566414335568884,0,0.8225641529411011,0,0,0,0.6964353313207099,0,0,0,0.7522871848621032,0,0,0,0.1146669107760264,0,0,0,0.0406845103732996,0,0,0,0.0470065897630312,0,0,0,0.0479532629978359,0,0.0226703986669187,0,0.0248290568361207,0,ZNF215,RandomForestClassifier,mono,1722,172200,172200,3304
95,21,0.7506864436516645,0,0.736886318805762,0,0.6707981852237253,0,0.7945064708105474,0,0,0,0.760034408155265,0,0,0,0.7363041082206035,0,0,0,0.0754903632404611,0,0,0,0.0344946758568263,0,0,0,0.0337113121204832,0,0,0,0.0445652441672077,0,0.0319040314817104,0,0.0298177941717661,0,BATF2,RandomForestClassifier,mono,12258,1225800,1225800,24058
96,22,0.8028298250309506,0,0.8706338258282817,0,0.7835110490990246,0,0.846942505217429,0,0,0,0.900080577270324,0,0,0,0.814469435064125,0,0,0,0.1541984520511498,0,0,0,0.2550105637840237,0,0,0,0.3259951626111095,0,0,0,0.1195236980652143,0,0.2193539594966004,0,0.3004110263754815,0,ZNF335,RandomForestClassifier,mono,15032,1503200,1343356,29882
97,24,0.7834506186427123,0,0.7986264719822281,0,0.9265062451633742,0,0.8533368343434538,0,0,0,0.8550654522024791,0,0,0,0.8273850813549528,0,0,0,0.2474981173244584,0,0,0,0.2556210665743393,0,0,0,0.0563012214333898,0,0,0,0.1112945933458965,0,0.1115049272962888,0,0.0436662378654762,0,MYPOP,RandomForestClassifier,mono,13825,1382500,1266497,27414
98,34,0.8612037416311171,0,0.8536706604437022,0,0.9551002998953928,0,0.882291423406687,0,0,0,0.8686304246705812,0,0,0,0.9791646037424258,0,0,0,0.4323129299160952,0,0,0,0.2215992046164932,0,0,0,0.4927487591577959,0,0,0,0.3692659839892641,0,0.1812844492568985,0,0.4277574352310693,0,ZNF646,RandomForestClassifier,mono,13878,1387800,1387800,27527
99,20,0.7675262234578543,0,0.7386018431001891,0,0.9787721520415704,0,0.8666477983221843,0,0,0,0.7903464792060492,0,0,0,0.9752794782245644,0,0,0,0.4528662700498218,0,0,0,0.3255269912837697,0,0,0,0.7715693003632884,0,0,0,0.2490790393514488,0,0.2163054107849825,0,0.7948040619566704,0,ZNF596,RandomForestClassifier,mono,460,46000,46000,828
100,29,0.7406110804188661,0,0.6698772070302415,0,0.5519902584650825,0,0.7713705233160641,0,0,0,0.7145496459343817,0,0,0,0.6349782051725577,0,0,0,0.1830631087522229,0,0,0,0.184486487631463,0,0,0,0.1042976153893802,0,0,0,0.1172217269877581,0,0.1685637892344798,0,0.1020641969914757,0,NR1H4,RandomForestClassifier,mono,1189,118900,118900,2368
101,41,0.9075863112493908,0,0.8830752378488831,0,0.7432213727126882,0,0.9139672062824205,0,0,0,0.8959907938892133,0,0,0,0.8034423043908099,0,0,0,0.5300091970063429,0,0,0,0.56422093799284,0,0,0,0.4460064262260914,0,0,0,0.4425212855937398,0,0.5172016961872647,0,0.2310267208732327,0,ZNF606,RandomForestClassifier,mono,6894,689400,689400,13638
102,28,0.8486134612912146,0,0.8302101950901397,0,0.9831726801694516,0,0.8746172702810554,0,0,0,0.8357466702430583,0,0,0,0.9876891363715364,0,0,0,0.2010227719062715,0,0,0,0.2306675790092987,0,0,0,0.6940360668504281,0,0,0,0.1188964555666253,0,0.1889292087391742,0,0.5983242233993012,0,USF3,RandomForestClassifier,mono,2814,281400,281400,5603
103,20,0.7422458537364357,0,0.7063147814566763,0,0.7288945038003226,0,0.8697090744093271,0,0,0,0.7245136579759018,0,0,0,0.7847718448629488,0,0,0,0.1340241007613334,0,0,0,0.0226059540090227,0,0,0,0.0398195936144539,0,0,0,0.0260094161585695,0,0.0210654707750682,0,0.0414528542490675,0,SP140,RandomForestClassifier,mono,874,87400,87400,1564
104,20,0.963751074438539,0,0.9646156013513988,0,0.9823350444954146,0,0.9688943569479402,0,0,0,0.9684954817268367,0,0,0,0.9892234621459942,0,0,0,0.5841496692951273,0,0,0,0.6114554855550293,0,0,0,0.7563894937286093,0,0,0,0.4642814137408684,0,0.5182978220311648,0,0.6174592701148802,0,ZIM3,RandomForestClassifier,mono,10537,1053700,1053700,20823
105,20,0.9349436386938998,0,0.940249654148669,0,0.8847861408670813,0,0.9512826037740736,0,0,0,0.9483265387836104,0,0,0,0.8900529108572532,0,0,0,0.4134409212222393,0,0,0,0.3782833622382485,0,0,0,0.4769354278338558,0,0,0,0.3150309820573999,0,0.3045024443086416,0,0.2417603722723311,0,CGGBP1,RandomForestClassifier,mono,6323,632300,632300,12564
106,40,0.8591555251515853,0,0.860627057982894,0,0.9511685172112396,0,0.9142333254283778,0,0,0,0.9131481595844646,0,0,0,0.981908857605906,0,0,0,0.5148175224684673,0,0,0,0.5408940566188781,0,0,0,0.8505370150408377,0,0,0,0.4670087070934821,0,0.5048387307769027,0,0.8304242723235326,0,ZBTB47,RandomForestClassifier,mono,8042,804200,804200,15822
107,20,0.882311943757213,0,0.8922258540809171,0,0.932274856303489,0,0.899025489114522,0,0,0,0.9069653637964636,0,0,0,0.951377071997702,0,0,0,0.2382880156521739,0,0,0,0.2538729737405075,0,0,0,0.2688526694531536,0,0,0,0.1643070092751594,0,0.2015027836685846,0,0.2908926768408063,0,ZNF18,RandomForestClassifier,mono,3613,361300,361300,7063
108,29,0.8366193638598387,0,0.8132917933386742,0,0.9336218259603722,0,0.8591623892769483,0,0,0,0.827801173522858,0,0,0,0.9395606718429,0,0,0,0.1588935462652364,0,0,0,0.114275110502628,0,0,0,0.2656324401528334,0,0,0,0.0984480699846689,0,0.1012072889499808,0,0.2786761616933506,0,ZBED2,RandomForestClassifier,mono,3564,356400,356400,7048
109,29,0.977121702736014,0,0.9779312823361216,0,0.9623685545759147,0,0.9828801918987486,0,0,0,0.9833794423751676,0,0,0,0.9679362197663884,0,0,0,0.8549226003897129,0,0,0,0.934861379419488,0,0,0,0.5768981730599663,0,0,0,0.818042092185792,0,0.9143342033133792,0,0.5559346809030891,0,ZNF865,RandomForestClassifier,mono,42344,4234400,1468322,84234
110,20,0.6663752366707377,0,0.587943745405469,0,0.5761634936969385,0,0.749675052046707,0,0,0,0.6137460972264627,0,0,0,0.7009674807888054,0,0,0,0.0962195440983532,0,0,0,0.020502049279114,0,0,0,0.0283070574409696,0,0,0,0.0258340837400518,0,0.015221100621452,0,0.0262541627616509,0,ZNF66,RandomForestClassifier,mono,4553,455300,455300,9005
111,30,0.6809435029207653,0,0.6597548305734866,0,0.7235833843373463,0,0.7222898674305793,0,0,0,0.7149815008683782,0,0,0,0.7463606250771627,0,0,0,0.1387799428442767,0,0,0,0.1370567122337291,0,0,0,0.4479225297996455,0,0,0,0.0682593873164814,0,0.0906928583701111,0,0.2870225664276416,0,ZNF699,RandomForestClassifier,mono,2918,291800,291800,5812
112,28,0.8610704223252486,0,0.8888855651536889,0,0.890891414186093,0,0.9192534398712006,0,0,0,0.8844061536583133,0,0,0,0.9185494172747516,0,0,0,0.6353575031989086,0,0,0,0.6659306764343307,0,0,0,0.7237854869474953,0,0,0,0.5652863995603798,0,0.6612951104597785,0,0.6125868552592583,0,ZNF696,RandomForestClassifier,mono,181,18100,18100,352
113,31,0.7550512864842729,0,0.7913124363221926,0,0.7068666577365287,0,0.7712718710053165,0,0,0,0.8049049685737993,0,0,0,0.7239686382357066,0,0,0,0.3066579736337298,0,0,0,0.3656819131880114,0,0,0,0.217039658840302,0,0,0,0.1523995838382311,0,0.201932534120189,0,0.0726272325618021,0,ZNF665,RandomForestClassifier,mono,1217,121700,121700,2402
114,22,0.8890027428082512,0,0.89467623422971,0,0.9163150209703492,0,0.8966508407442542,0,0,0,0.9028107743645112,0,0,0,0.920634223784425,0,0,0,0.377165052607472,0,0,0,0.5921759791501042,0,0,0,0.7921324444946105,0,0,0,0.342766788368356,0,0.571536634832448,0,0.7830885667136606,0,ZNF518B,RandomForestClassifier,mono,32853,3285300,1471329,65089
115,20,0.943467616213152,0,0.9238920186450856,0,0.7755987585472595,0,0.9791014739229024,0,0,0,0.9414834567760016,0,0,0,0.8900481763822371,0,0,0,0.8393436182328453,0,0,0,0.7759712149119127,0,0,0,0.4415468435486206,0,0,0,0.6660335049070152,0,0.678898312318284,0,0.2304839783382495,0,ZNF678,RandomForestClassifier,mono,187,18700,18700,370
116,28,0.827938979966732,0,0.8416954156502158,0,0.9392307503040404,0,0.8562088930048213,0,0,0,0.8696174396697317,0,0,0,0.9616649373902076,0,0,0,0.3076166022450695,0,0,0,0.3595077431912087,0,0,0,0.6294993726926386,0,0,0,0.1963843594828412,0,0.246356976255233,0,0.5664692613817438,0,ZNF732,RandomForestClassifier,mono,3650,365000,365000,7259
117,36,0.7092862532065791,0,0.7341903114882664,0,0.5734800475984577,0,0.8997047432221719,0,0,0,0.8741661806993907,0,0,0,0.7443041941674022,0,0,0,0.5519270804749794,0,0,0,0.5188485079596555,0,0,0,0.2865592587941683,0,0,0,0.2017382083466685,0,0.2091808484890695,0,0.2304844691891394,0,ZNF772,RandomForestClassifier,mono,223,22300,22300,444
118,31,0.8891338750616736,0,0.8741565134737289,0,0.9111354895704632,0,0.9035987134627056,0,0,0,0.8808494547646385,0,0,0,0.9237927628988668,0,0,0,0.3129672261572151,0,0,0,0.2537084061397791,0,0,0,0.5273030426354384,0,0,0,0.2154725383464082,0,0.1956166635969481,0,0.4458453289542485,0,ZNF721,RandomForestClassifier,mono,9430,943000,943000,18143
119,20,0.7928145388502316,0,0.7231665482519095,0,0.6997726777080182,0,0.8364229976573859,0,0,0,0.7525303918784789,0,0,0,0.7980730353314976,0,0,0,0.1251633300246351,0,0,0,0.0575384485810706,0,0,0,0.5125751742656772,0,0,0,0.0465775767302019,0,0.0254785686449299,0,0.389487430238321,0,ZNF676,RandomForestClassifier,mono,5201,520100,520100,10335
120,21,0.7583112055512095,0,0.7023440389660395,0,0.7380113651144641,0,0.7986248906733638,0,0,0,0.7486648472894755,0,0,0,0.7988743008584807,0,0,0,0.0924921524632095,0,0,0,0.0686682513930016,0,0,0,0.0673098763135043,0,0,0,0.0440821684514869,0,0.0528190541468622,0,0.037847093959388,0,ZNF70,RandomForestClassifier,mono,3183,318300,318300,6329
121,25,0.8054935282677392,0,0.8143882868847919,0,0.8761574629338941,0,0.8150640776185517,0,0,0,0.8230389524931377,0,0,0,0.9026487705600073,0,0,0,0.4219182274534606,0,0,0,0.4310785014950525,0,0,0,0.5624880999762947,0,0,0,0.3363578579544523,0,0.3725718566508808,0,0.489190784002121,0,ZNF724,RandomForestClassifier,mono,3653,365300,365300,7270
122,25,0.8617296198314717,0,0.8670511742794575,0,0.9599390932361672,0,0.8957576600599086,0,0,0,0.8774337935424529,0,0,0,0.965896954962694,0,0,0,0.4631675031960452,0,0,0,0.4780538586458606,0,0,0,0.7424357951323918,0,0,0,0.3502530117773341,0,0.4204503645973039,0,0.6260080686951262,0,ZNF575,RandomForestClassifier,mono,573,57300,57300,1134
123,20,0.9522684992364292,0,0.9658218224246302,0,0.8283205099059346,0,0.9959290110602064,0,0,0,0.993618879144868,0,0,0,0.9323645993276783,0,0,0,0.9567478280379564,0,0,0,0.9544949193275216,0,0,0,0.7495394346991534,0,0,0,0.7936605488198485,0,0.8359767162158704,0,0.5623442267809782,0,ZNF814,RandomForestClassifier,mono,163,16300,16300,122
124,24,0.6811105925841413,0,0.6437130726680809,0,0.7178564701678241,0,0.7511263234993654,0,0,0,0.69619190367413,0,0,0,0.8402580827078164,0,0,0,0.1248271723338651,0,0,0,0.0844979437402616,0,0,0,0.5173403920192359,0,0,0,0.0484885156103186,0,0.0390748187406174,0,0.3455586419910048,0,ZNF551,RandomForestClassifier,mono,7874,787400,787400,15613
125,21,0.8205508505955699,0,0.809610182158698,0,0.7880106900256035,0,0.8535546127897752,0,0,0,0.8397942746747482,0,0,0,0.8451856568292077,0,0,0,0.5552740584373149,0,0,0,0.5336525535387744,0,0,0,0.4529113347112717,0,0,0,0.3866834698468087,0,0.3981371597825499,0,0.3139563979511895,0,ZNF689,RandomForestClassifier,mono,2177,217700,217700,4224
126,20,0.7958142166284332,0,0.8134157440420341,0,0.8222610213641272,0,0.8779321408642817,0,0,0,0.8804536498404953,0,0,0,0.9364528949266346,0,0,0,0.4839851510305693,0,0,0,0.39305678877711,0,0,0,0.454991710369953,0,0,0,0.2995781398968421,0,0.3618844701680255,0,0.3748008892138673,0,ZNF672,RandomForestClassifier,mono,146,14600,14600,284
127,23,0.7193562599208243,0,0.7134124255588685,0,0.9051243588130444,0,0.7420414940013271,0,0,0,0.729364982713354,0,0,0,0.937284341361619,0,0,0,0.2243750423345977,0,0,0,0.2360013240997555,0,0,0,0.600029035441847,0,0,0,0.1363856944869382,0,0.1746661641403032,0,0.4755272771111569,0,ZNF850,RandomForestClassifier,mono,8997,899700,899700,17373
128,24,0.8526124788869962,0,0.869853642444649,0,0.7648173887576096,0,0.8944184401128159,0,0,0,0.9060324682685228,0,0,0,0.7905273760107641,0,0,0,0.3477814618281902,0,0,0,0.2185023485608482,0,0,0,0.0571640758527621,0,0,0,0.1474950849390705,0,0.1149984337483915,0,0.0523032941871259,0,ZNF800,RandomForestClassifier,mono,8804,880400,880400,17321
129,21,0.7730891262755102,0,0.7751904475140201,0,0.5312376676484887,0,0.8935193120216837,0,0,0,0.8225574918137679,0,0,0,0.8126702221968028,0,0,0,0.5490804003595653,0,0,0,0.4441442216010897,0,0,0,0.2977544581186834,0,0,0,0.279777022303602,0,0.3103740798752858,0,0.1856728586544366,0,ZNF773,RandomForestClassifier,mono,163,16300,16300,312
130,20,0.7473400310980434,0,0.7339433385993039,0,0.5045243356329946,0,0.8155058280992616,0,0,0,0.7982068413656135,0,0,0,0.8261955001395961,0,0,0,0.1090304925395336,0,0,0,0.047937454059505,0,0,0,0.0525156883400821,0,0,0,0.0486888808701115,0,0.0332768334176747,0,0.0098400621140599,0,MGA,RandomForestClassifier,mono,8313,831300,831300,16515
131,22,0.8641282454385053,0,0.8925543609539672,0,0.6265278632565399,0,0.88620796510793,0,0,0,0.9017036976924532,0,0,0,0.7019644817237595,0,0,0,0.4028698957633027,0,0,0,0.4444283939488656,0,0,0,0.494192186865386,0,0,0,0.348350246128797,0,0.4029614645499458,0,0.500346151183434,0,ZNF623,RandomForestClassifier,mono,9834,983400,983400,19506
132,21,0.826069567971307,0,0.8601745383010571,0,0.8110735746879324,0,0.8655650075363539,0,0,0,0.8859830421599655,0,0,0,0.8328025571106398,0,0,0,0.1505068976642548,0,0,0,0.1881043540862426,0,0,0,0.1714406087736149,0,0,0,0.0716989324026718,0,0.1056488974264122,0,0.0894786850834744,0,TTF1,RandomForestClassifier,mono,15891,1589100,1377242,31588
133,20,0.9701576782006248,0,0.962381893860562,0,0.9444858986941196,0,0.9901181858759144,0,0,0,0.9768609781477628,0,0,0,0.969248224443198,0,0,0,0.8710078847091758,0,0,0,0.7455757866074638,0,0,0,0.6049444305889776,0,0,0,0.7387283397800795,0,0.6858940526351494,0,0.4668636908523384,0,ZNF286B,RandomForestClassifier,mono,155,15500,15500,308
134,22,0.7771497111148499,0,0.7812513249351443,0,0.7893521727949941,0,0.7999279281317973,0,0,0,0.7996040602062306,0,0,0,0.8032745679991214,0,0,0,0.1107867870770479,0,0,0,0.1042697445056465,0,0,0,0.1198797814268971,0,0,0,0.0610253894626705,0,0.0640147760297308,0,0.0724832685419537,0,ZNF700,RandomForestClassifier,mono,7185,718500,718500,14248
135,25,0.8437551095503592,0,0.8594211663262279,0,0.9064873479304896,0,0.8848597730704325,0,0,0,0.8966566202482749,0,0,0,0.941310426913537,0,0,0,0.1201124941826798,0,0,0,0.1298970654943972,0,0,0,0.2561459563228359,0,0,0,0.0676564868892474,0,0.0861889872268306,0,0.254223736302703,0,ZNF746,RandomForestClassifier,mono,7848,784800,784800,15607
136,28,0.7192641915138691,0,0.7083389578453674,0,0.7266839955457945,0,0.7379370894669093,0,0,0,0.7263862778015505,0,0,0,0.8123094563090307,0,0,0,0.2278631419128297,0,0,0,0.2510616070844966,0,0,0,0.4329039658621366,0,0,0,0.1380601658583249,0,0.1720162940702309,0,0.2579780017612565,0,ZNF728,RandomForestClassifier,mono,3576,357600,357600,7053
137,24,0.6923500472879028,0,0.7078705454891003,0,0.6232529084861468,0,0.7559847059833595,0,0,0,0.7614680939679389,0,0,0,0.6366120299399473,0,0,0,0.1843887216130085,0,0,0,0.184643459134742,0,0,0,0.217829305820345,0,0,0,0.0804167233408251,0,0.0961734099570863,0,0.0935571014441593,0,ZNF845,RandomForestClassifier,mono,2303,230300,230300,4562
138,27,0.8580364219777062,0,0.858349320526713,0,0.9505447922483236,0,0.8978349307359825,0,0,0,0.8637917265747209,0,0,0,0.9511721278242986,0,0,0,0.3109673131316567,0,0,0,0.1578961001312235,0,0,0,0.437521974410106,0,0,0,0.1502876146103703,0,0.1423468682736402,0,0.407026880266298,0,ZNF683,RandomForestClassifier,mono,487,48700,48700,968
139,22,0.9160812818066284,0,0.9299150882742804,0,0.953669351061703,0,0.9278987041737424,0,0,0,0.9409967812821896,0,0,0,0.9632038374401878,0,0,0,0.2177116711153835,0,0,0,0.2895676268083079,0,0,0,0.2613162285943113,0,0,0,0.1724249065595365,0,0.2313828981397906,0,0.217988091448413,0,ZNF775,RandomForestClassifier,mono,17145,1714500,1583901,34087
140,21,0.7423103754168888,0,0.7554921176959626,0,0.8183558411819021,0,0.7666376140919776,0,0,0,0.7745110852862168,0,0,0,0.840036730070791,0,0,0,0.2699122548164173,0,0,0,0.2546307769948134,0,0,0,0.3388075838954733,0,0,0,0.1699480031033096,0,0.2031287592037083,0,0.2825102753042085,0,ZNF57,RandomForestClassifier,mono,2365,236500,236500,4674
141,24,0.8154278265743785,0,0.8146062106192923,0,0.6503250991888396,0,0.8080743429975626,0,0,0,0.8069555076819336,0,0,0,0.6875198433052984,0,0,0,0.4466898288178206,0,0,0,0.4476198092855868,0,0,0,0.2558246441962899,0,0,0,0.3635058408831199,0,0.3825937788251193,0,0.1461762544329459,0,ZNF836,RandomForestClassifier,mono,1953,195300,195300,3866
