,Count,roc_auc_train_H_PWM,roc_auc_train_H_PWM_di,roc_auc_test_H_PWM,roc_auc_test_H_PWM_di,roc_auc_test_M_PWM,roc_auc_test_M_PWM_di,roc_auc_train_H,mean_auc_train_H,median_auc_train_H,std_auc_train_H,roc_auc_test_H,mean_auc_test_H,median_auc_test_H,std_auc_test_H,roc_auc_test_M,mean_auc_test_M,median_auc_test_M,std_auc_test_M,pr_auc_train_H,mean_pr_auc_train_H,median_pr_auc_train_H,std_pr_auc_train_H,pr_auc_test_H,mean_pr_auc_test_H,median_pr_auc_test_H,std_pr_auc_test_H,pr_auc_test_M,mean_pr_auc_test_M,median_pr_auc_test_M,std_pr_auc_test_M,pr_auc_train_H_PWM,pr_auc_train_H_PWM_di,pr_auc_test_H_PWM,pr_auc_test_H_PWM_di,pr_auc_test_M_PWM,pr_auc_test_M_PWM_di,TF_name,Model,PWM,Seq_count,PR_delta_M,ROC_delta_M
0,34,0.757104507742292,0,0.7154482197517801,0,0.9385344598739754,0,0.7720895857753499,0,0,0,0.7338015205603896,0,0,0,0.9342570238762892,0,0,0,0.0386430913079266,0,0,0,0.5731419888980016,0,0,0,0.8422901183482167,0,0,0,0.0354216412120902,0,0.5550173179035185,0,0.8514049855885248,0,LEUTX,LogisticRegression,mono,,-0.8514049855885248,-0.9385344598739754
1,28,0.8994780609377382,0,0.9291245485691366,0,0.7952309462559745,0,0.9547242850746837,0,0,0,0.9628635181504974,0,0,0,0.8678615836894774,0,0,0,0.4106904969627574,0,0,0,0.9315498427686272,0,0,0,0.7545953428753338,0,0,0,0.1810712090228823,0,0.860650357562286,0,0.6672005403082,0,FBXL19,LogisticRegression,mono,5258.0,-0.6672005403082,-0.7952309462559745
9,42,0.8136210230207166,0,0.8093294695578139,0,0.8644886188340516,0,0.8282380655310149,0,0,0,0.8167620185829653,0,0,0,0.8680317354126545,0,0,0,0.121441624619574,0,0,0,0.7218243259669495,0,0,0,0.8238490027222082,0,0,0,0.0828406628878511,0,0.709084302660184,0,0.8143276030036253,0,ZBED5,LogisticRegression,mono,,-0.8143276030036253,-0.8644886188340516
10,38,0.8444495560609147,0,0.8254822906689473,0,0.8243819653682797,0,0.8536464182077002,0,0,0,0.8339593132453029,0,0,0,0.8142689464067473,0,0,0,0.1996360391897344,0,0,0,0.7626495815742534,0,0,0,0.8291651184218274,0,0,0,0.1804497688597017,0,0.7189268326014947,0,0.762396480322788,0,ZFAT,LogisticRegression,mono,12101.0,-0.762396480322788,-0.8243819653682797
18,25,0.7238499775352232,0,0.7354286959189983,0,0.7647244841489446,0,0.7612821994912533,0,0,0,0.7714324129930864,0,0,0,0.7723140169183335,0,0,0,0.0649963804437582,0,0,0,0.628672105246927,0,0,0,0.7749932072876103,0,0,0,0.0610840872448309,0,0.4864269726290621,0,0.8180542039372467,0,ZSCAN2,LogisticRegression,mono,,-0.8180542039372467,-0.7647244841489446
19,26,0.7103722248199786,0,0.7342253463023086,0,0.9775501609083568,0,0.7168822887100132,0,0,0,0.7389804478042157,0,0,0,0.9858387238420372,0,0,0,0.0523935536344546,0,0,0,0.648469477603618,0,0,0,0.9771117487353164,0,0,0,0.0505394202597838,0,0.6270967708732198,0,0.9805850900367692,0,LEF1,LogisticRegression,mono,12304.0,-0.9805850900367692,-0.9775501609083568
27,23,0.8880693944449531,0,0.944738115329293,0,0.9365212289471716,0,0.9028592236899338,0,0,0,0.951837580939799,0,0,0,0.9488321756941612,0,0,0,0.0929380789192461,0,0,0,0.8902249011285507,0,0,0,0.8970349164227531,0,0,0,0.0700461422880681,0,0.8743120995937681,0,0.87281254004213,0,ZNF395,LogisticRegression,mono,,-0.87281254004213,-0.9365212289471716
28,22,0.942862531061362,0,0.9432559449842932,0,0.9154325585880524,0,0.9465459865973076,0,0,0,0.947762880600454,0,0,0,0.9235003587204772,0,0,0,0.4149864730887125,0,0,0,0.9243784308418288,0,0,0,0.8908060100881434,0,0,0,0.3998731455377198,0,0.9187067186119988,0,0.8914638855578312,0,ZFTA,LogisticRegression,mono,29213.0,-0.8914638855578312,-0.9154325585880524
36,25,0.9070199268140527,0,0.919196747841108,0,0.9061409713568715,0,0.910581182610503,0,0,0,0.9233475145927844,0,0,0,0.9015406763213684,0,0,0,0.2382539429974456,0,0,0,0.8914871889820755,0,0,0,0.8973358070556915,0,0,0,0.2301789566061231,0,0.8583396469880707,0,0.8897726013462711,0,FOSL2,LogisticRegression,mono,,-0.8897726013462711,-0.9061409713568715
37,26,0.7342320884584986,0,0.7632613054132323,0,0.7578206250438206,0,0.7972930686535554,0,0,0,0.8185520160392069,0,0,0,0.8444097867005967,0,0,0,0.381037629209045,0,0,0,0.8015002226806943,0,0,0,0.8073693657927026,0,0,0,0.3138551966322302,0,0.7401752814150397,0,0.7208752854732796,0,ZNF226,LogisticRegression,mono,,-0.7208752854732796,-0.7578206250438206
38,20,0.8344088474477789,0,0.8698734405232184,0,0.8571048659901119,0,0.8714268590040855,0,0,0,0.9247533557723316,0,0,0,0.887335935467083,0,0,0,0.3119943109467204,0,0,0,0.8922067712267164,0,0,0,0.8433776534406983,0,0,0,0.2661962839495493,0,0.8227371315235685,0,0.7746580880992235,0,ZNF407,LogisticRegression,mono,,-0.7746580880992235,-0.8571048659901119
39,20,0.8967304429638012,0,0.9080136104112432,0,0.9140554811587815,0,0.9008595847707233,0,0,0,0.9161279184805092,0,0,0,0.91914294916346,0,0,0,0.5654698497551254,0,0,0,0.9085549984022456,0,0,0,0.9165041790707515,0,0,0,0.4881669958715807,0,0.8955391649365914,0,0.9071203592660292,0,ZNF260,LogisticRegression,mono,,-0.9071203592660292,-0.9140554811587815
40,24,0.7738421195515902,0,0.7857411358927706,0,0.8278056824788282,0,0.827313775780799,0,0,0,0.838449994361537,0,0,0,0.7272357752165398,0,0,0,0.1211819767011232,0,0,0,0.7434640355994615,0,0,0,0.6082837470513346,0,0,0,0.0740712175255814,0,0.6507803122804645,0,0.2329996063437275,0,DNTTIP1,LogisticRegression,mono,,-0.2329996063437275,-0.8278056824788282
41,28,0.8124372627296406,0,0.8304171238011878,0,0.8428766818038619,0,0.8163065229614204,0,0,0,0.8137990619118795,0,0,0,0.8271928122654824,0,0,0,0.1156915431734021,0,0,0,0.7285365192501452,0,0,0,0.8446652133279694,0,0,0,0.1304286017462729,0,0.5907421690275695,0,0.830638722503959,0,JRK,LogisticRegression,mono,,-0.830638722503959,-0.8428766818038619
42,30,0.85270864173643,0,0.8613890370305636,0,0.9145176800060276,0,0.9148864403728856,0,0,0,0.9184390856907516,0,0,0,0.9027951411035988,0,0,0,0.3319329145565972,0,0,0,0.8749693149732387,0,0,0,0.8386482610224721,0,0,0,0.2516671571370378,0,0.7575172989348883,0,0.5627700523439186,0,ZNF471,LogisticRegression,mono,,-0.5627700523439186,-0.9145176800060276
43,38,0.7599692599905523,0,0.7722271523372936,0,0.8106600725957328,0,0.8370081531243903,0,0,0,0.8429991965462549,0,0,0,0.8407112354211448,0,0,0,0.1071396008702482,0,0,0,0.7432588516547043,0,0,0,0.7272634056623815,0,0,0,0.0544490181422074,0,0.6141671026029485,0,0.5721869869158392,0,ZBTB8A,LogisticRegression,mono,,-0.5721869869158392,-0.8106600725957328
44,25,0.891643577867023,0,0.8974053415539599,0,0.8933717834691722,0,0.8991860575523389,0,0,0,0.9044001001568674,0,0,0,0.8912472163513079,0,0,0,0.4433003943973101,0,0,0,0.8769044951902735,0,0,0,0.8920440088999769,0,0,0,0.3773454854730654,0,0.8657573180076988,0,0.8898549770915338,0,ZNF251,LogisticRegression,mono,,-0.8898549770915338,-0.8933717834691722
45,34,0.8956597741610302,0,0.940151577429697,0,0.9147951335932932,0,0.9097703807882414,0,0,0,0.9470806958523306,0,0,0,0.935578936405248,0,0,0,0.6806989328543909,0,0,0,0.9446067581818276,0,0,0,0.8946685951905442,0,0,0,0.6562780116953343,0,0.936257031147497,0,0.8837731332647858,0,ZNF493,LogisticRegression,mono,,-0.8837731332647858,-0.9147951335932932
46,23,0.7516144202242215,0,0.8483023069950408,0,0.7728656327863661,0,0.7653991753818998,0,0,0,0.8506698392050283,0,0,0,0.7748672417131457,0,0,0,0.0487049298263731,0,0,0,0.7534986290112567,0,0,0,0.7093411615001636,0,0,0,0.0488326776579147,0,0.5936246817039925,0,0.7525180490699401,0,VDR,LogisticRegression,mono,,-0.7525180490699401,-0.7728656327863661
47,20,0.880264405657228,0,0.8882069112481475,0,0.6667483959791836,0,0.90922415653184,0,0,0,0.9129348809071992,0,0,0,0.6733445495186609,0,0,0,0.3877441559097818,0,0,0,0.8999593939415785,0,0,0,0.6058322420225902,0,0,0,0.2991891689092597,0,0.8672917710488609,0,0.6115764731605204,0,ZNF322,LogisticRegression,mono,,-0.6115764731605204,-0.6667483959791836
48,33,0.8072895080601898,0,0.7989042496296168,0,0.9202560627021352,0,0.8374098903495012,0,0,0,0.8297727701498507,0,0,0,0.9542126599809644,0,0,0,0.340850645485912,0,0,0,0.7830642065562411,0,0,0,0.9353317265626389,0,0,0,0.2151607140428434,0,0.7342735677219403,0,0.8957631961868534,0,NACC2,LogisticRegression,mono,,-0.8957631961868534,-0.9202560627021352
49,25,0.8618025283699793,0,0.8767199712818364,0,0.6571043543254272,0,0.8673543005312229,0,0,0,0.8822186756385648,0,0,0,0.6682995839039706,0,0,0,0.2099754794361047,0,0,0,0.8343822273447052,0,0,0,0.6079719935345625,0,0,0,0.1899166920932206,0,0.8249296834101757,0,0.6097087271178796,0,ZNF107,LogisticRegression,mono,,-0.6097087271178796,-0.6571043543254272
50,27,0.7829299134920569,0,0.8737735390613304,0,0.7512039044325683,0,0.8170638383474095,0,0,0,0.8981079012946018,0,0,0,0.7817926941213454,0,0,0,0.0710180130831285,0,0,0,0.8150309491437077,0,0,0,0.6361116292666009,0,0,0,0.0473083084507284,0,0.7582471639327782,0,0.6095873140008958,0,ZNF648,LogisticRegression,mono,,-0.6095873140008958,-0.7512039044325683
51,20,0.6935470863683663,0,0.7311580882352942,0,0.8934943645881753,0,0.7776456815816858,0,0,0,0.7539828431372549,0,0,0,0.8505956198396987,0,0,0,0.1592170536451976,0,0,0,0.8386038512550557,0,0,0,0.7940902514118954,0,0,0,0.1882569928428164,0,0.8140337972419608,0,0.8588417531880422,0,CAMTA2,LogisticRegression,mono,68.0,-0.8588417531880422,-0.8934943645881753
59,29,0.57190309787848,0,0.587321679971708,0,0.757679592769788,0,0.5913065488112856,0,0,0,0.6133814978904341,0,0,0,0.8326503178880924,0,0,0,0.060322766205524,0,0,0,0.4899021124104812,0,0,0,0.8238640717547907,0,0,0,0.0478613971906721,0,0.4598392963689688,0,0.7330647971170696,0,ZNF841,LogisticRegression,mono,,-0.7330647971170696,-0.757679592769788
60,29,0.7786542787076034,0,0.7535479832990453,0,0.6569087086751875,0,0.8277893678188037,0,0,0,0.810472579187677,0,0,0,0.6393978293849925,0,0,0,0.0773477348709439,0,0,0,0.6987116845632954,0,0,0,0.6580134202618558,0,0,0,0.0604200790585616,0,0.6272280459483738,0,0.6344502075805437,0,TIGD4,LogisticRegression,mono,,-0.6344502075805437,-0.6569087086751875
61,26,0.7653759609654911,0,0.7748945546112684,0,0.742844533230163,0,0.7750567052592187,0,0,0,0.7788430235172444,0,0,0,0.7478661480484134,0,0,0,0.2087767587748905,0,0,0,0.7311889900202356,0,0,0,0.7313183980742631,0,0,0,0.2041923485439429,0,0.7019371532188311,0,0.7118489360856192,0,ZNF470,LogisticRegression,mono,,-0.7118489360856192,-0.742844533230163
62,26,0.7537050378134861,0,0.8142289136852987,0,0.7554777939056566,0,0.7819512900531336,0,0,0,0.8403183899175669,0,0,0,0.7966132687846399,0,0,0,0.0538107970724882,0,0,0,0.7279080137240381,0,0,0,0.7289140468112448,0,0,0,0.0566343547145813,0,0.5325842203484316,0,0.6790876887568764,0,ZNF510,LogisticRegression,mono,,-0.6790876887568764,-0.7554777939056566
63,20,0.9465423450603512,0,0.9413539169163566,0,0.8188971238280904,0,0.9635630532287112,0,0,0,0.9610826245015404,0,0,0,0.8479593788086391,0,0,0,0.2842580861264653,0,0,0,0.9189791195127924,0,0,0,0.6469220689704728,0,0,0,0.214286290474676,0,0.8857400273736408,0,0.6051182067234124,0,ZNF384,LogisticRegression,mono,,-0.6051182067234124,-0.8188971238280904
64,40,0.8815302484810333,0,0.868781635461222,0,0.9654607410137296,0,0.8939593756685874,0,0,0,0.8831969019232809,0,0,0,0.9745788531868746,0,0,0,0.3534777680008755,0,0,0,0.8415537425436017,0,0,0,0.9635832793382724,0,0,0,0.3078114705528816,0,0.8155701329199188,0,0.9498114882312204,0,CTCF,LogisticRegression,mono,51547.0,-0.9498114882312204,-0.9654607410137296
72,20,0.907876138906938,0,0.9072387879382884,0,0.9486505212795244,0,0.9155852703015932,0,0,0,0.9125585718942598,0,0,0,0.9555030257638792,0,0,0,0.4795154609738322,0,0,0,0.8956056299870503,0,0,0,0.9570064503583582,0,0,0,0.4186472546634627,0,0.8781865564847761,0,0.950918183922279,0,ZNF134,LogisticRegression,mono,,-0.950918183922279,-0.9486505212795244
73,43,0.8927092424894211,0,0.9052417797668088,0,0.8613394283247733,0,0.9143913812852312,0,0,0,0.9166088276177892,0,0,0,0.8901018555001949,0,0,0,0.4463540337967496,0,0,0,0.8842636024674247,0,0,0,0.7963697644317852,0,0,0,0.3125369946128026,0,0.8632316544647037,0,0.7533836579781626,0,KDM2A,LogisticRegression,mono,,-0.7533836579781626,-0.8613394283247733
74,30,0.8799598126331718,0,0.8799641328618847,0,0.8041944026852235,0,0.9015215233227076,0,0,0,0.8999290261607,0,0,0,0.8230286614470129,0,0,0,0.1145399129764741,0,0,0,0.809919854348773,0,0,0,0.7303983094092339,0,0,0,0.0979326928942601,0,0.780290825472963,0,0.7402051988855387,0,TPRX1,LogisticRegression,mono,,-0.7402051988855387,-0.8041944026852235
75,21,0.8905086231983705,0,0.905083480786606,0,0.9556253335806538,0,0.9080516388709716,0,0,0,0.9202945380186296,0,0,0,0.9683828808437576,0,0,0,0.1758964948158443,0,0,0,0.8649743695444847,0,0,0,0.9338650767889712,0,0,0,0.1466507950558658,0,0.8417273829346011,0,0.9060822307305684,0,ELF3,LogisticRegression,mono,,-0.9060822307305684,-0.9556253335806538
76,26,0.7444850361413525,0,0.7537484679448172,0,0.7009242701143349,0,0.7831703546192558,0,0,0,0.7975856636757623,0,0,0,0.7319704269812262,0,0,0,0.050545272251399,0,0,0,0.6574048456347186,0,0,0,0.5946411488592737,0,0,0,0.0413563926782278,0,0.6003842212458713,0,0.5160447323119689,0,SRY,LogisticRegression,mono,,-0.5160447323119689,-0.7009242701143349
77,23,0.911841120418347,0,0.9220219462604178,0,0.7696484852537885,0,0.9312544645897284,0,0,0,0.93983104597893,0,0,0,0.8165289394370029,0,0,0,0.3128312871315278,0,0,0,0.9035426956483146,0,0,0,0.7137416547519688,0,0,0,0.174688125482499,0,0.8601093357337469,0,0.6246790533644875,0,ZNF131,LogisticRegression,mono,,-0.6246790533644875,-0.7696484852537885
78,30,0.7109144719823636,0,0.840161503646596,0,0.8741524895442542,0,0.7373455335682756,0,0,0,0.8724295565700941,0,0,0,0.8870940268804791,0,0,0,0.0744554393046045,0,0,0,0.7821080741110387,0,0,0,0.7896628750003228,0,0,0,0.0474511462148331,0,0.729667873268801,0,0.7150073356711851,0,SALL3,LogisticRegression,mono,,-0.7150073356711851,-0.8741524895442542
79,22,0.7306352802547162,0,0.7634280089548113,0,0.9483487630501248,0,0.7654677163546423,0,0,0,0.7918612819106791,0,0,0,0.9526533748879308,0,0,0,0.0584393949662629,0,0,0,0.6818017660870077,0,0,0,0.9445256330597606,0,0,0,0.0527899769029941,0,0.6538356653230405,0,0.9348073727863572,0,PRDM10,LogisticRegression,mono,,-0.9348073727863572,-0.9483487630501248
80,24,0.9090790669298116,0,0.9239785604790616,0,0.9881616381488278,0,0.9150685061454789,0,0,0,0.93146979033121,0,0,0,0.9912541020419248,0,0,0,0.3953300107208344,0,0,0,0.9005149186658795,0,0,0,0.9805827935061472,0,0,0,0.403105008671017,0,0.8555042117724944,0,0.9256070110195072,0,NFKB1,LogisticRegression,mono,16856.0,-0.9256070110195072,-0.9881616381488278
88,23,0.875347173553719,0,0.91156297086891,0,0.8667176409410716,0,0.8860630743801653,0,0,0,0.915714465092918,0,0,0,0.9044251872914224,0,0,0,0.5278344669996554,0,0,0,0.9065393964982904,0,0,0,0.854293656475825,0,0,0,0.5092324852262621,0,0.900398388573557,0,0.8063199548777302,0,ZNF726,LogisticRegression,mono,,-0.8063199548777302,-0.8667176409410716
89,20,0.773825440677827,0,0.7839660141111001,0,0.8426255063358409,0,0.7912955148151493,0,0,0,0.8057802510848322,0,0,0,0.8661915278056616,0,0,0,0.3383029242003024,0,0,0,0.7734991977170748,0,0,0,0.8561606193204105,0,0,0,0.3312169144629054,0,0.7267196989463728,0,0.8446702835074147,0,GLI4,LogisticRegression,mono,,-0.8446702835074147,-0.8426255063358409
90,31,0.8084093842765488,0,0.850194364381068,0,0.9296372242304388,0,0.8092053512719845,0,0,0,0.8362390018203884,0,0,0,0.932731897060162,0,0,0,0.3260854255218896,0,0,0,0.792933780974134,0,0,0,0.9118772991851294,0,0,0,0.3052944936658485,0,0.7092212534774647,0,0.8954163420298761,0,ZNF20,LogisticRegression,mono,,-0.8954163420298761,-0.9296372242304388
91,20,0.7488314970985382,0,0.7812793580433713,0,0.6876245060579341,0,0.7605649490127312,0,0,0,0.7906302000919923,0,0,0,0.6360994089023873,0,0,0,0.3462499785075029,0,0,0,0.7570955505970612,0,0,0,0.6112463134169838,0,0,0,0.3080471734622403,0,0.697744356063971,0,0.581156481702638,0,ZNF264,LogisticRegression,mono,1086.0,-0.581156481702638,-0.6876245060579341
99,27,0.92821534405323,0,0.9370967939684152,0,0.9496382733891648,0,0.9416612399121044,0,0,0,0.948406980792077,0,0,0,0.9585638508399515,0,0,0,0.3872145499424835,0,0,0,0.9276513764034018,0,0,0,0.9269394082255302,0,0,0,0.3079797269209856,0,0.8808053953799228,0,0.8773033212538249,0,ZNF780B,LogisticRegression,mono,3301.0,-0.8773033212538249,-0.9496382733891648
107,28,0.8287351238935223,0,0.846410194633607,0,0.9245770531039954,0,0.8782043521342552,0,0,0,0.8957584557998476,0,0,0,0.9682156906832716,0,0,0,0.1742096573390076,0,0,0,0.8264601142288501,0,0,0,0.9363402318964076,0,0,0,0.1549355780568551,0,0.6794283397055442,0,0.7320383825402412,0,FLI1,LogisticRegression,mono,,-0.7320383825402412,-0.9245770531039954
108,20,0.8326791168131271,0,0.8362913313995728,0,0.7994451605107343,0,0.8626982283979165,0,0,0,0.8849767566356938,0,0,0,0.8105689370443468,0,0,0,0.0837610589651474,0,0,0,0.8120718356552754,0,0,0,0.7423586354517149,0,0,0,0.061523415935543,0,0.7266076076271674,0,0.7321847674769507,0,CAMTA1,LogisticRegression,mono,,-0.7321847674769507,-0.7994451605107343
109,20,0.7718302982261595,0,0.7584181999987262,0,0.8189574645132881,0,0.9202703557378916,0,0,0,0.924072198763144,0,0,0,0.7567865098689323,0,0,0,0.2497681185552161,0,0,0,0.8636155402725396,0,0,0,0.7377729907416185,0,0,0,0.106090798759689,0,0.670047496871874,0,0.8024125234090993,0,CREB3L3,LogisticRegression,mono,398.0,-0.8024125234090993,-0.8189574645132881
117,32,0.8595221177401283,0,0.8283521431719394,0,0.9235789973840688,0,0.8766348553392747,0,0,0,0.8383038340233616,0,0,0,0.9161275962595594,0,0,0,0.1422303621410009,0,0,0,0.740856065198467,0,0,0,0.8552094387383742,0,0,0,0.1075305632938271,0,0.7077238115314368,0,0.8819707622222934,0,ZSCAN25,LogisticRegression,mono,,-0.8819707622222934,-0.9235789973840688
118,23,0.7433548237807048,0,0.7834330321157355,0,0.4542720860510938,0,0.868387255250979,0,0,0,0.8943850494251411,0,0,0,0.4054176858268786,0,0,0,0.372649535745617,0,0,0,0.8538833531211134,0,0,0,0.464050467384068,0,0,0,0.1747178618840091,0,0.6671822096671912,0,0.3219981349504479,0,ZNF234,LogisticRegression,mono,,-0.3219981349504479,-0.4542720860510938
119,22,0.7767416824245272,0,0.7831426064742659,0,0.9585741554221872,0,0.7858352859750171,0,0,0,0.8019470638208388,0,0,0,0.9647704026336468,0,0,0,0.1109721941080735,0,0,0,0.7303425331423763,0,0,0,0.9458021059348256,0,0,0,0.0970406630808909,0,0.7126574226850485,0,0.9198218537868998,0,TIGD3,LogisticRegression,mono,70744.0,-0.9198218537868998,-0.9585741554221872
127,23,0.901266203522243,0,0.9188885758822616,0,0.7811346368475275,0,0.911504400073772,0,0,0,0.9347899644906056,0,0,0,0.793159965034965,0,0,0,0.3968122472439331,0,0,0,0.9003447600891837,0,0,0,0.6394965268833017,0,0,0,0.2410159672015937,0,0.8443721971856399,0,0.6245220478641057,0,RLF,LogisticRegression,mono,,-0.6245220478641057,-0.7811346368475275
128,20,0.8983206840332837,0,0.9003058605514397,0,0.9283196772465164,0,0.904027106658303,0,0,0,0.9063823993303324,0,0,0,0.9398294027184873,0,0,0,0.1705724468454297,0,0,0,0.8476902689665156,0,0,0,0.8576858018750319,0,0,0,0.1483938993828824,0,0.8187358877634348,0,0.8217185140311226,0,ZNF367,LogisticRegression,mono,,-0.8217185140311226,-0.9283196772465164
129,23,0.8353566826010841,0,0.8455243393001327,0,0.927823611918016,0,0.8551140705701421,0,0,0,0.8692232226507148,0,0,0,0.9423765989099644,0,0,0,0.0969257294298281,0,0,0,0.783812610695854,0,0,0,0.931803073969894,0,0,0,0.0717367044232843,0,0.734478362633652,0,0.9029954830516086,0,MSANTD1,LogisticRegression,mono,,-0.9029954830516086,-0.927823611918016
130,24,0.7464504202576816,0,0.769169152904663,0,0.9477528319560894,0,0.7536777651500122,0,0,0,0.7744009956154638,0,0,0,0.949010799153619,0,0,0,0.2957355437383092,0,0,0,0.7668160349969637,0,0,0,0.9562899318458516,0,0,0,0.2944813029033823,0,0.7663689387131445,0,0.9555884653829796,0,ZBTB40,LogisticRegression,mono,,-0.9555884653829796,-0.9477528319560894
131,30,0.5947052252617028,0,0.6007980594759931,0,0.6716537585941408,0,0.6309310754811011,0,0,0,0.6335249734685953,0,0,0,0.7265917318814865,0,0,0,0.0163969618489889,0,0,0,0.4659055214608271,0,0,0,0.578103252482432,0,0,0,0.0158377557196667,0,0.4596708488931804,0,0.5217692808466476,0,MKX,LogisticRegression,mono,,-0.5217692808466476,-0.6716537585941408
132,37,0.9647407999883024,0,0.9604723365965714,0,0.9150908175122496,0,0.9663622437547236,0,0,0,0.9633695011551588,0,0,0,0.9338750867085224,0,0,0,0.444372015100421,0,0,0,0.9443838050854254,0,0,0,0.8740274667048822,0,0,0,0.4007425160362806,0,0.93218378185128,0,0.848191588466295,0,ZNF362,LogisticRegression,mono,80770.0,-0.848191588466295,-0.9150908175122496
140,23,0.7257732458617195,0,0.7311953857803056,0,0.5332135835446518,0,0.8164531051461483,0,0,0,0.8251407433040087,0,0,0,0.5581928222956318,0,0,0,0.0857137720874869,0,0,0,0.7255812734160046,0,0,0,0.374323905421744,0,0,0,0.0592733736066821,0,0.6166083516656555,0,0.4169517067121364,0,PAX7,LogisticRegression,mono,26424.0,-0.4169517067121364,-0.5332135835446518
148,35,0.8391107997606314,0,0.865527841605804,0,0.8403877139780066,0,0.8738895242181511,0,0,0,0.8938498107283243,0,0,0,0.8891034644105448,0,0,0,0.1340724840055616,0,0,0,0.7897639632753157,0,0,0,0.8266622958875579,0,0,0,0.0769259202379471,0,0.7388148899998881,0,0.7730608879692837,0,ZNF48,LogisticRegression,mono,3301.0,-0.7730608879692837,-0.8403877139780066
156,28,0.747778953231579,0,0.7008429883194186,0,0.633433726361358,0,0.8263702887925412,0,0,0,0.7791729725327304,0,0,0,0.7166543252069568,0,0,0,0.0543755057071352,0,0,0,0.6229158279814847,0,0,0,0.6011281258736889,0,0,0,0.0272806503092713,0,0.5341537662788539,0,0.4807876048847086,0,SP100,LogisticRegression,mono,,-0.4807876048847086,-0.633433726361358
157,23,0.7845622832170005,0,0.8137221858903404,0,0.8507895325723526,0,0.8212660270241924,0,0,0,0.8650974297825402,0,0,0,0.8793903158900809,0,0,0,0.1254848728921542,0,0,0,0.7975364457587364,0,0,0,0.8609420369647985,0,0,0,0.0571129347675192,0,0.7006417319523056,0,0.8101281336076059,0,GABPA,LogisticRegression,mono,,-0.8101281336076059,-0.8507895325723526
158,31,0.7395997765346456,0,0.7653590837524504,0,0.8758455656426539,0,0.7715962910192522,0,0,0,0.7929317103055876,0,0,0,0.9123260969746788,0,0,0,0.1059970742699184,0,0,0,0.7092622194989496,0,0,0,0.8759734156145832,0,0,0,0.0835842847277901,0,0.6690931301809575,0,0.826620820646672,0,ZNF347,LogisticRegression,mono,,-0.826620820646672,-0.8758455656426539
159,20,0.8757108012242628,0,0.8816333837741899,0,0.8012113178223705,0,0.90855224524614,0,0,0,0.9102786255659636,0,0,0,0.8072770489555241,0,0,0,0.1288263383053396,0,0,0,0.828804586709181,0,0,0,0.7433070513318694,0,0,0,0.0788274769984525,0,0.7304243858117248,0,0.4770362862135164,0,ZNF770,LogisticRegression,mono,,-0.4770362862135164,-0.8012113178223705
160,20,0.9729133062557964,0,0.9501838612909442,0,0.9518074326609576,0,0.971124762815564,0,0,0,0.947785431716,0,0,0,0.949987147746797,0,0,0,0.8836981366382847,0,0,0,0.9586758695773054,0,0,0,0.9534990402497168,0,0,0,0.8605807087589095,0,0.9577936822529608,0,0.9526264642929132,0,ZNF436,LogisticRegression,mono,,-0.9526264642929132,-0.9518074326609576
161,32,0.93723783549079,0,0.9475740067345764,0,0.9134940822259136,0,0.9528923309905096,0,0,0,0.959447650681746,0,0,0,0.9141957364341086,0,0,0,0.2844752054812225,0,0,0,0.90737502526107,0,0,0,0.8354717782862148,0,0,0,0.1799736826416101,0,0.8789410458327876,0,0.8484907480889533,0,SLC2A4RG,LogisticRegression,mono,3836.0,-0.8484907480889533,-0.9134940822259136
169,40,0.8407123417595046,0,0.815537303870847,0,0.8511025008130869,0,0.868324472451322,0,0,0,0.8362065178211211,0,0,0,0.8446744636585362,0,0,0,0.165024704855827,0,0,0,0.7443955381126426,0,0,0,0.733541872263215,0,0,0,0.1101296906116621,0,0.7178015769275096,0,0.7719725991102917,0,ZBTB41,LogisticRegression,mono,,-0.7719725991102917,-0.8511025008130869
170,21,0.9198842433752786,0,0.922839311078085,0,0.9695628059003844,0,0.9291004174430018,0,0,0,0.9311205615668052,0,0,0,0.9770614933866242,0,0,0,0.2810180874979271,0,0,0,0.8893705082399387,0,0,0,0.9729380863972262,0,0,0,0.2228243474474873,0,0.8695561958481774,0,0.9582274210007876,0,FIZ1,LogisticRegression,mono,,-0.9582274210007876,-0.9695628059003844
171,20,0.9625299989807296,0,0.9505941546622289,0,0.93736191006371,0,0.9666964828994226,0,0,0,0.9634276353424516,0,0,0,0.9519867631595224,0,0,0,0.7114203086564275,0,0,0,0.9657557505531504,0,0,0,0.9508370471602232,0,0,0,0.5997514425783043,0,0.9524710166663224,0,0.936134854102094,0,ZNF250,LogisticRegression,mono,,-0.936134854102094,-0.93736191006371
172,28,0.8712808081215029,0,0.886784846465404,0,0.7649266272926086,0,0.8986974357572737,0,0,0,0.910814560915832,0,0,0,0.7892488456438471,0,0,0,0.3936249384711074,0,0,0,0.8733417576793531,0,0,0,0.6377821096351826,0,0,0,0.2283443545356731,0,0.8353242210733892,0,0.6158434984321236,0,CXXC4,LogisticRegression,mono,,-0.6158434984321236,-0.7649266272926086
173,20,0.8870989990234375,0,0.8951064701064702,0,0.948860306231648,0,0.8990929412841797,0,0,0,0.8919430794430795,0,0,0,0.934676975258063,0,0,0,0.4578639652279565,0,0,0,0.8768973191784062,0,0,0,0.9027135614062692,0,0,0,0.4102016097768519,0,0.7441253794700362,0,0.8454924552858544,0,ZNF233,LogisticRegression,mono,,-0.8454924552858544,-0.948860306231648
174,32,0.8050545403147856,0,0.8395878259984242,0,0.9250177683013504,0,0.8086782470278785,0,0,0,0.8439450236317425,0,0,0,0.9111273987206824,0,0,0,0.2138157303441797,0,0,0,0.7974331073299575,0,0,0,0.8549202582461979,0,0,0,0.1840685131327341,0,0.793720511355554,0,0.8860988359716605,0,ZNF142,LogisticRegression,mono,,-0.8860988359716605,-0.9250177683013504
175,23,0.8343175882148746,0,0.8387714237306275,0,0.8835121973240317,0,0.8508298078935771,0,0,0,0.8584473638561968,0,0,0,0.9201312078222934,0,0,0,0.0769276941651385,0,0,0,0.7613140234225725,0,0,0,0.8265204375032351,0,0,0,0.0559473006187104,0,0.7096690760776617,0,0.7147903744880019,0,MYF6,LogisticRegression,mono,,-0.7147903744880019,-0.8835121973240317
176,25,0.7778010345696218,0,0.7949539391205247,0,0.7747971173297831,0,0.8068459508982219,0,0,0,0.8259094068237807,0,0,0,0.7806763572424825,0,0,0,0.0379489627588815,0,0,0,0.6615424625906827,0,0,0,0.7317028706491739,0,0,0,0.0309295843012515,0,0.6127819689994546,0,0.6922819978292813,0,SOX2,LogisticRegression,mono,35190.0,-0.6922819978292813,-0.7747971173297831
184,25,0.7281886705064629,0,0.7525382745924225,0,0.7628070572838015,0,0.7397913556576692,0,0,0,0.7571642673745811,0,0,0,0.723056981777912,0,0,0,0.0536338163207022,0,0,0,0.6373436657505237,0,0,0,0.6476949255827109,0,0,0,0.0479228541473338,0,0.6315951196246167,0,0.6626266751976683,0,ZNF500,LogisticRegression,mono,,-0.6626266751976683,-0.7628070572838015
185,36,0.8308724405367792,0,0.7919737709795974,0,0.8578811369509044,0,0.9307360873890822,0,0,0,0.9084032485705325,0,0,0,0.8919307886043241,0,0,0,0.287678717116962,0,0,0,0.8556068911452501,0,0,0,0.9835472117079403,0,0,0,0.1259673070944142,0,0.5390107475732638,0,0.986786093532966,0,FLYWCH1,LogisticRegression,mono,,-0.986786093532966,-0.8578811369509044
186,25,0.8687969804570368,0,0.8707363215207076,0,0.7985587504484869,0,0.8805420538931931,0,0,0,0.8819983953501686,0,0,0,0.8257250278314772,0,0,0,0.1532007506497835,0,0,0,0.8038896679129188,0,0,0,0.722844739605377,0,0,0,0.1208664736187387,0,0.7835445901774425,0,0.6900495588751411,0,PRDM5,LogisticRegression,mono,38555.0,-0.6900495588751411,-0.7985587504484869
194,23,0.9047749064735991,0,0.9443441953583942,0,0.914399280730537,0,0.9252222421878314,0,0,0,0.9552709798653004,0,0,0,0.9278135533159132,0,0,0,0.1382068204548306,0,0,0,0.8928495988601693,0,0,0,0.861417511804692,0,0,0,0.0972809268746002,0,0.8665505354307275,0,0.8358425814629191,0,FAM200B,LogisticRegression,mono,957.0,-0.8358425814629191,-0.914399280730537
202,27,0.7817459849114429,0,0.8097623660252988,0,0.7800067669878499,0,0.8074375997810396,0,0,0,0.8422637148937568,0,0,0,0.8274321182273819,0,0,0,0.0650271412567434,0,0,0,0.730133311407669,0,0,0,0.6694121623203605,0,0,0,0.0478866257929483,0,0.6797868812706502,0,0.6244700229653923,0,ZNF831,LogisticRegression,mono,,-0.6244700229653923,-0.7800067669878499
203,21,0.8919495943792345,0,0.9054861772050764,0,0.5942146013372495,0,0.9095410324627792,0,0,0,0.92221530068746,0,0,0,0.6108232307439414,0,0,0,0.2540636083569239,0,0,0,0.8809479719720342,0,0,0,0.4535848971557187,0,0,0,0.1847441726151616,0,0.7839793333616192,0,0.4313314495834495,0,ZBED9,LogisticRegression,mono,,-0.4313314495834495,-0.5942146013372495
204,55,0.7995100144579224,0,0.8308846217161348,0,0.9251736378236656,0,0.8230896151769351,0,0,0,0.8462652874442209,0,0,0,0.92180163205022,0,0,0,0.1267734510583731,0,0,0,0.7664920169831694,0,0,0,0.8701205344718344,0,0,0,0.1014451684379431,0,0.7457750715961753,0,0.8704233734417626,0,YY1,LogisticRegression,mono,,-0.8704233734417626,-0.9251736378236656
205,34,0.8279910114916428,0,0.8433157085406586,0,0.7249288642335072,0,0.8581206134435425,0,0,0,0.8819039094382062,0,0,0,0.7932610827795963,0,0,0,0.2488795968643956,0,0,0,0.8248019779756246,0,0,0,0.6223231547178375,0,0,0,0.1160877733818803,0,0.7596781918651508,0,0.5003133032242487,0,MAX,LogisticRegression,mono,9289.0,-0.5003133032242487,-0.7249288642335072
213,29,0.7009091048993827,0,0.7754133575243051,0,0.5805200931897069,0,0.7741891943882842,0,0,0,0.8722357250445023,0,0,0,0.6118055352002504,0,0,0,0.0725664211605268,0,0,0,0.7781177290455553,0,0,0,0.5012746763513698,0,0,0,0.0418732802303773,0,0.6491730517960815,0,0.4272420072086246,0,ZNF292,LogisticRegression,mono,545.0,-0.4272420072086246,-0.5805200931897069
221,20,0.6761930483417756,0,0.6399102126805779,0,0.873734037088861,0,0.6948645133812457,0,0,0,0.6718022672552167,0,0,0,0.8830038680213143,0,0,0,0.0974698070899382,0,0,0,0.5869101890960037,0,0,0,0.8304982622411179,0,0,0,0.0860939565239156,0,0.545082418291557,0,0.8098291939241472,0,RORB,LogisticRegression,mono,,-0.8098291939241472,-0.873734037088861
222,26,0.8173948521717896,0,0.8640916378946233,0,0.779479903987654,0,0.8483608843441895,0,0,0,0.8938914255208561,0,0,0,0.789737438841664,0,0,0,0.2872433906937668,0,0,0,0.8660888095576992,0,0,0,0.6289909653605741,0,0,0,0.169492928151554,0,0.8162909616850443,0,0.5627183087727581,0,TET3,LogisticRegression,mono,,-0.5627183087727581,-0.779479903987654
223,23,0.840980673650605,0,0.8570995510066681,0,0.7921340636850126,0,0.8550149168818049,0,0,0,0.8719103467886561,0,0,0,0.832475277694804,0,0,0,0.0574785931712154,0,0,0,0.7593764576053077,0,0,0,0.7048159584572845,0,0,0,0.0489927415773687,0,0.7294159058503497,0,0.6298652561497982,0,SP140L,LogisticRegression,mono,40773.0,-0.6298652561497982,-0.7921340636850126
231,20,0.9447063235789244,0,0.9214367941712204,0,0.6744066831213215,0,0.9557753355845328,0,0,0,0.932192349726776,0,0,0,0.7599012720713879,0,0,0,0.822348483725978,0,0,0,0.9281408797012498,0,0,0,0.7388024365020673,0,0,0,0.7949432261234772,0,0.8869612775152554,0,0.6195898654342561,0,ZFP3,LogisticRegression,mono,610.0,-0.6195898654342561,-0.6744066831213215
239,20,0.7481756969592839,0,0.7663446555021522,0,0.7443364413165063,0,0.8381999676830066,0,0,0,0.8625538911042799,0,0,0,0.8222825314854179,0,0,0,0.1520129730955478,0,0,0,0.7813912038076196,0,0,0,0.7312389110881509,0,0,0,0.078464831523534,0,0.6271695976428859,0,0.5664213655905486,0,ZNF43,LogisticRegression,mono,,-0.5664213655905486,-0.7443364413165063
240,20,0.6468410969846782,0,0.6496099739012473,0,0.6352118599242843,0,0.6927452448170928,0,0,0,0.6900075949728994,0,0,0,0.7658486970003348,0,0,0,0.0567604426494397,0,0,0,0.5488150703927855,0,0,0,0.6010399281314639,0,0,0,0.0444246307761549,0,0.4172353881596048,0,0.7113694757723766,0,ZNF35,LogisticRegression,mono,,-0.7113694757723766,-0.6352118599242843
241,21,0.8964816679663313,0,0.8716708126654252,0,0.8812089169776444,0,0.9068053799290544,0,0,0,0.8789674853830448,0,0,0,0.8848300452273045,0,0,0,0.1160400208366062,0,0,0,0.762524588601209,0,0,0,0.7843098163751347,0,0,0,0.0985823460424457,0,0.7489222668366878,0,0.7925572739355256,0,GCM1,LogisticRegression,mono,,-0.7925572739355256,-0.8812089169776444
242,24,0.8457083161174,0,0.8398414795589203,0,0.8699145020055011,0,0.8507036734067948,0,0,0,0.8483204681242322,0,0,0,0.8914307077992564,0,0,0,0.0786573371735125,0,0,0,0.7199240203190026,0,0,0,0.7766096080894536,0,0,0,0.0712881822448734,0,0.7009628305410239,0,0.7284582968264455,0,PRDM13,LogisticRegression,mono,,-0.7284582968264455,-0.8699145020055011
243,31,0.6851419493773603,0,0.8064834163977476,0,0.8531405327153733,0,0.7305061390093942,0,0,0,0.7973166649714746,0,0,0,0.9701826908786666,0,0,0,0.1559966792432782,0,0,0,0.6934096143926499,0,0,0,0.9550423169663274,0,0,0,0.1533585840373284,0,0.5972026554993535,0,0.959215930915854,0,TERF1,LogisticRegression,mono,664.0,-0.959215930915854,-0.8531405327153733
251,21,0.7956489071781186,0,0.8052639000778515,0,0.648873750424138,0,0.8012551879371294,0,0,0,0.8111517433357462,0,0,0,0.6667484491773897,0,0,0,0.1452579108266523,0,0,0,0.7265498980395416,0,0,0,0.6474362923199108,0,0,0,0.1512344955474089,0,0.6044108750186681,0,0.5987603026360087,0,RFX5,LogisticRegression,mono,,-0.5987603026360087,-0.648873750424138
252,26,0.892725589379034,0,0.9104068812371764,0,0.9594106789271374,0,0.9036922441383736,0,0,0,0.9232065503702764,0,0,0,0.9649759521238296,0,0,0,0.1337619134461036,0,0,0,0.8531204530569719,0,0,0,0.944271690215348,0,0,0,0.1213760728036535,0,0.7622664346558702,0,0.9320292701599668,0,DMTF1,LogisticRegression,mono,14047.0,-0.9320292701599668,-0.9594106789271374
260,20,0.8465802543984947,0,0.8612519602985348,0,0.7320617865790384,0,0.8768665618025693,0,0,0,0.8761392328873243,0,0,0,0.7880329038395019,0,0,0,0.1610949134265248,0,0,0,0.7885875056754923,0,0,0,0.6954317560799171,0,0,0,0.1106357709229568,0,0.7539800361863622,0,0.6040771392672059,0,ZBTB8B,LogisticRegression,mono,,-0.6040771392672059,-0.7320617865790384
261,24,0.6824891719344343,0,0.7006708788479747,0,0.7933651902940553,0,0.6984874368634172,0,0,0,0.726578731495251,0,0,0,0.8588619225154083,0,0,0,0.0229947912847321,0,0,0,0.5462426627100729,0,0,0,0.7455075167186032,0,0,0,0.0210495105917451,0,0.51363142230718,0,0.6418631220102147,0,SOX15,LogisticRegression,mono,,-0.6418631220102147,-0.7933651902940553
262,24,0.7780337373389318,0,0.806885171389763,0,0.7771610202978739,0,0.7856947288661382,0,0,0,0.813330127420956,0,0,0,0.8188165900503735,0,0,0,0.0574212830794893,0,0,0,0.7102706280249222,0,0,0,0.7270740003390822,0,0,0,0.0479532629978359,0,0.7002329585449741,0,0.6713947580382559,0,ZNF215,LogisticRegression,mono,,-0.6713947580382559,-0.7771610202978739
263,21,0.7506864436516645,0,0.7615669708901264,0,0.6778339784946237,0,0.7757698680665966,0,0,0,0.7744194629390025,0,0,0,0.6915965591397849,0,0,0,0.0457631351431554,0,0,0,0.64034515852081,0,0,0,0.5656994455447372,0,0,0,0.0445652441672077,0,0.6455775874954554,0,0.5671866397290047,0,BATF2,LogisticRegression,mono,,-0.5671866397290047,-0.6778339784946237
264,22,0.8028298250309506,0,0.8434157165959747,0,0.7582702525278888,0,0.8469199060334927,0,0,0,0.8812184253451193,0,0,0,0.7923428799908363,0,0,0,0.1289633294069096,0,0,0,0.805577099167632,0,0,0,0.719436122209544,0,0,0,0.1195236980652143,0,0.7651452625526071,0,0.6920038838705328,0,ZNF335,LogisticRegression,mono,,-0.6920038838705328,-0.7582702525278888
265,24,0.7834506186427123,0,0.7806192820526622,0,0.927227036112162,0,0.8089777142545498,0,0,0,0.835446254345828,0,0,0,0.8645788094878611,0,0,0,0.2116637390574119,0,0,0,0.7761624462083079,0,0,0,0.7607766850854936,0,0,0,0.1112945933458965,0,0.6937020923885779,0,0.6692582283107146,0,MYPOP,LogisticRegression,mono,,-0.6692582283107146,-0.927227036112162
266,34,0.8612037416311171,0,0.8616147173308384,0,0.9568291395453687,0,0.8757469836649826,0,0,0,0.8760526086578372,0,0,0,0.9834385221438808,0,0,0,0.4062736275350925,0,0,0,0.8595251441983112,0,0,0,0.972564494820226,0,0,0,0.3692659839892641,0,0.8382663271008163,0,0.9645894021064628,0,ZNF646,LogisticRegression,mono,,-0.9645894021064628,-0.9568291395453687
267,20,0.7675262234578543,0,0.7525270426381012,0,0.9767657413023884,0,0.823629793975889,0,0,0,0.7670184835118673,0,0,0,0.9742572236804063,0,0,0,0.3053325236460041,0,0,0,0.756692599986953,0,0,0,0.9633365429235196,0,0,0,0.2490790393514488,0,0.6788570122791922,0,0.9754773193526632,0,ZNF596,LogisticRegression,mono,,-0.9754773193526632,-0.9767657413023884
268,29,0.7406110804188661,0,0.8530314837019526,0,0.6135187517470652,0,0.7543980475288473,0,0,0,0.8241772838860728,0,0,0,0.674439881875185,0,0,0,0.1198894330995179,0,0,0,0.7368011016205323,0,0,0,0.5632051258969402,0,0,0,0.1172217269877581,0,0.6247012528053841,0,0.463881889399851,0,NR1H4,LogisticRegression,mono,,-0.463881889399851,-0.6135187517470652
269,41,0.9075863112493908,0,0.9131603308270254,0,0.7491486446150923,0,0.9199569094240492,0,0,0,0.9218116154656356,0,0,0,0.7576768964987021,0,0,0,0.4789634300671191,0,0,0,0.8947666944689302,0,0,0,0.7655912709792225,0,0,0,0.4425212855937398,0,0.8172486383173374,0,0.6722845481108174,0,ZNF606,LogisticRegression,mono,,-0.6722845481108174,-0.7491486446150923
270,28,0.8486134612912146,0,0.9093312408407468,0,0.986565634949203,0,0.8602765903059445,0,0,0,0.9190652129323044,0,0,0,0.9867633591550338,0,0,0,0.1270816300146914,0,0,0,0.8750345201896289,0,0,0,0.971827764106964,0,0,0,0.1188964555666253,0,0.8582200975574283,0,0.9720407810563778,0,USF3,LogisticRegression,mono,2814.0,-0.9720407810563778,-0.986565634949203
278,20,0.7422458537364357,0,0.7014739534257639,0,0.6558646434612967,0,0.7640272307519858,0,0,0,0.7297569161979786,0,0,0,0.7319202980835967,0,0,0,0.0304163117608774,0,0,0,0.5735934439748349,0,0,0,0.5548875848100578,0,0,0,0.0260094161585695,0,0.5313041654254327,0,0.5676455702604264,0,SP140,LogisticRegression,mono,,-0.5676455702604264,-0.6558646434612967
279,20,0.963751074438539,0,0.9641476662317268,0,0.9767028529871444,0,0.9715750357189408,0,0,0,0.9718887281577474,0,0,0,0.9839552048067866,0,0,0,0.563360724721582,0,0,0,0.9572938990315828,0,0,0,0.9701119672931984,0,0,0,0.4642814137408684,0,0.9435990200401128,0,0.9554836538114898,0,ZIM3,LogisticRegression,mono,,-0.9554836538114898,-0.9767028529871444
280,20,0.9349436386938998,0,0.949591786085607,0,0.9095463492747023,0,0.9495230701151288,0,0,0,0.9572832424571674,0,0,0,0.9044878756253968,0,0,0,0.3749354763216143,0,0,0,0.9256171028168404,0,0,0,0.9004784068512414,0,0,0,0.3150309820573999,0,0.9109630082926702,0,0.8919212722080435,0,CGGBP1,LogisticRegression,mono,,-0.8919212722080435,-0.9095463492747023
281,40,0.8591555251515853,0,0.8671852255182476,0,0.952489653704366,0,0.865081974878197,0,0,0,0.8706651585307837,0,0,0,0.9700229234085292,0,0,0,0.4809095028457082,0,0,0,0.8667045318746753,0,0,0,0.9727558445996268,0,0,0,0.4670087070934821,0,0.8462511882375618,0,0.968958680110056,0,ZBTB47,LogisticRegression,mono,,-0.968958680110056,-0.952489653704366
282,20,0.882311943757213,0,0.8980786930515323,0,0.9512771010881056,0,0.889980762728331,0,0,0,0.90377966770067,0,0,0,0.9606986989824132,0,0,0,0.1796078475983332,0,0,0,0.8545536213049235,0,0,0,0.9026783386278672,0,0,0,0.1643070092751594,0,0.822200447463988,0,0.9101732157129832,0,ZNF18,LogisticRegression,mono,,-0.9101732157129832,-0.9512771010881056
283,29,0.8366193638598387,0,0.7965318941718866,0,0.9257041307374748,0,0.8488015336666527,0,0,0,0.8112875149209334,0,0,0,0.9277048676421492,0,0,0,0.1052935980656151,0,0,0,0.7270144481163814,0,0,0,0.9062928567949452,0,0,0,0.0984480699846689,0,0.7128172447227854,0,0.9053401839358416,0,ZBED2,LogisticRegression,mono,,-0.9053401839358416,-0.9257041307374748
284,29,0.977121702736014,0,0.9797702111004628,0,0.9654189693648996,0,0.983483506064383,0,0,0,0.9853931270809972,0,0,0,0.9683652738203056,0,0,0,0.849637928953673,0,0,0,0.9826388047121593,0,0,0,0.9533706054186264,0,0,0,0.818042092185792,0,0.9745478181817138,0,0.9480968661610883,0,ZNF865,LogisticRegression,mono,,-0.9480968661610883,-0.9654189693648996
285,20,0.6663752366707377,0,0.7555081596199393,0,0.6164163320752122,0,0.7166622660825238,0,0,0,0.7696025574780734,0,0,0,0.6303617026764451,0,0,0,0.0375763276590567,0,0,0,0.6503629985145131,0,0,0,0.4941149935637075,0,0,0,0.0258340837400518,0,0.6356877826032635,0,0.5227924506003481,0,ZNF66,LogisticRegression,mono,,-0.5227924506003481,-0.6164163320752122
286,30,0.6809435029207653,0,0.7739539793115517,0,0.7499499357842994,0,0.7135295943993734,0,0,0,0.796565459565353,0,0,0,0.7305637364192471,0,0,0,0.0862614807920045,0,0,0,0.6988207372116759,0,0,0,0.743917432571133,0,0,0,0.0682593873164814,0,0.597648949823398,0,0.7251890422126688,0,ZNF699,LogisticRegression,mono,2918.0,-0.7251890422126688,-0.7499499357842994
294,28,0.8610704223252486,0,0.9122692742340532,0,0.8891932396990471,0,0.8617371535904355,0,0,0,0.8901305876443998,0,0,0,0.9043801200976171,0,0,0,0.5787847917367307,0,0,0,0.874360873601896,0,0,0,0.8988518538021179,0,0,0,0.5652863995603798,0,0.8823453294477522,0,0.8788364308373692,0,ZNF696,LogisticRegression,mono,,-0.8788364308373692,-0.8891932396990471
295,31,0.7550512864842729,0,0.8077611987271631,0,0.6985960309401874,0,0.7899232682722587,0,0,0,0.816661957270612,0,0,0,0.7449400681214922,0,0,0,0.2764713743343888,0,0,0,0.7808396890081479,0,0,0,0.6857179602152241,0,0,0,0.1523995838382311,0,0.6644962893583582,0,0.5579310985268724,0,ZNF665,LogisticRegression,mono,,-0.5579310985268724,-0.6985960309401874
296,22,0.8890027428082512,0,0.8953838815082252,0,0.9166014153639934,0,0.8902459958096038,0,0,0,0.8964221759214807,0,0,0,0.9113354685655576,0,0,0,0.3516305872754537,0,0,0,0.8755414734108393,0,0,0,0.9274904630275992,0,0,0,0.342766788368356,0,0.8620395077196122,0,0.925000062200681,0,ZNF518B,LogisticRegression,mono,,-0.925000062200681,-0.9166014153639934
297,20,0.943467616213152,0,0.9304596039890156,0,0.7908112277544799,0,0.9653068310657597,0,0,0,0.9535192946957652,0,0,0,0.8469012133033011,0,0,0,0.7551830089314312,0,0,0,0.9456663502257696,0,0,0,0.8239250069611099,0,0,0,0.6660335049070152,0,0.9199787465368144,0,0.7449782283938188,0,ZNF678,LogisticRegression,mono,187.0,-0.7449782283938188,-0.7908112277544799
305,28,0.827938979966732,0,0.8867412961142238,0,0.9495514347941856,0,0.8452083061182791,0,0,0,0.8974713298748649,0,0,0,0.9598944073864192,0,0,0,0.2109452070345948,0,0,0,0.8565720142850493,0,0,0,0.943659235777749,0,0,0,0.1963843594828412,0,0.742553478818536,0,0.9390147167859272,0,ZNF732,LogisticRegression,mono,,-0.9390147167859272,-0.9495514347941856
306,36,0.7092862532065791,0,0.7538429685290672,0,0.5645820461985338,0,0.8511064584276445,0,0,0,0.8513614511372359,0,0,0,0.4825155608833971,0,0,0,0.4250314272024891,0,0,0,0.8335848370580679,0,0,0,0.5416139482365835,0,0,0,0.2017382083466685,0,0.6615390358129398,0,0.5828682663571426,0,ZNF772,LogisticRegression,mono,,-0.5828682663571426,-0.5645820461985338
307,31,0.8891338750616736,0,0.8790524979208127,0,0.8630457186777476,0,0.9022371160338364,0,0,0,0.8936660087420258,0,0,0,0.8698312594440095,0,0,0,0.2545603151338336,0,0,0,0.8454058587317747,0,0,0,0.787669562937902,0,0,0,0.2154725383464082,0,0.816103919005892,0,0.7568167176635545,0,ZNF721,LogisticRegression,mono,,-0.7568167176635545,-0.8630457186777476
308,20,0.7928145388502316,0,0.8462712922145614,0,0.7730207961200783,0,0.820022511616769,0,0,0,0.875756634572247,0,0,0,0.7948796365460326,0,0,0,0.0917253064489696,0,0,0,0.7991319670491398,0,0,0,0.7789205368805691,0,0,0,0.0465775767302019,0,0.7186146106460578,0,0.7718792529872192,0,ZNF676,LogisticRegression,mono,5201.0,-0.7718792529872192,-0.7730207961200783
316,21,0.7583112055512095,0,0.834566083138287,0,0.7745951303867549,0,0.7688628793939158,0,0,0,0.8361887768142566,0,0,0,0.8095929276856515,0,0,0,0.0516106566391277,0,0,0,0.7303839743729916,0,0,0,0.7020796617897026,0,0,0,0.0440821684514869,0,0.6354281132700772,0,0.5999870945609754,0,ZNF70,LogisticRegression,mono,,-0.5999870945609754,-0.7745951303867549
317,25,0.8054935282677392,0,0.8153986228273873,0,0.8727115381286473,0,0.81789118650255,0,0,0,0.8223247572890477,0,0,0,0.8869826300862776,0,0,0,0.3770823634997493,0,0,0,0.7998292134086177,0,0,0,0.8818634161880622,0,0,0,0.3363578579544523,0,0.7860610816572706,0,0.8733550874918374,0,ZNF724,LogisticRegression,mono,,-0.8733550874918374,-0.8727115381286473
318,25,0.8617296198314717,0,0.9152862036806192,0,0.965524147532752,0,0.8671077237479353,0,0,0,0.9450092492559042,0,0,0,0.967320947642306,0,0,0,0.3879866644210338,0,0,0,0.9262835124330092,0,0,0,0.9649460947195276,0,0,0,0.3502530117773341,0,0.905208893852019,0,0.9420439237603094,0,ZNF575,LogisticRegression,mono,573.0,-0.9420439237603094,-0.965524147532752
326,20,0.9522684992364292,0,0.9593935431962184,0,0.8199337552785829,0,0.9760030542829377,0,0,0,0.9797344865734688,0,0,0,0.8962513100444135,0,0,0,0.865938788367169,0,0,0,0.9878820791235692,0,0,0,0.9131507365504472,0,0,0,0.7936605488198485,0,0.9693483737110876,0,0.8507630819476452,0,ZNF814,LogisticRegression,mono,,-0.8507630819476452,-0.8199337552785829
327,24,0.6811105925841413,0,0.7264274619499088,0,0.716399043130912,0,0.7431430640954144,0,0,0,0.774546445269154,0,0,0,0.716187413316806,0,0,0,0.073108921298713,0,0,0,0.6734968943430438,0,0,0,0.7190700269331095,0,0,0,0.0484885156103186,0,0.5962792639472851,0,0.7095176758807179,0,ZNF551,LogisticRegression,mono,,-0.7095176758807179,-0.716399043130912
328,21,0.8205508505955699,0,0.807147250525466,0,0.7873881074398728,0,0.8345904748432456,0,0,0,0.8198626132709734,0,0,0,0.8426522592633919,0,0,0,0.4940391625229364,0,0,0,0.8193941163592093,0,0,0,0.8210005104298475,0,0,0,0.3866834698468087,0,0.7945300334612234,0,0.7617637262624536,0,ZNF689,LogisticRegression,mono,,-0.7617637262624536,-0.7873881074398728
329,20,0.7958142166284332,0,0.8996237700173645,0,0.855324040290565,0,0.8164442928885858,0,0,0,0.915637661585954,0,0,0,0.9402481919406606,0,0,0,0.4049714278795217,0,0,0,0.8861066685477643,0,0,0,0.9210179286620148,0,0,0,0.2995781398968421,0,0.8188496770612662,0,0.9017850089555852,0,ZNF672,LogisticRegression,mono,,-0.9017850089555852,-0.855324040290565
330,23,0.7193562599208243,0,0.7699369541761143,0,0.9227244625625132,0,0.7279227339008313,0,0,0,0.7855604777946762,0,0,0,0.9424596018678372,0,0,0,0.1778916063692452,0,0,0,0.7283409443457427,0,0,0,0.9247929177700932,0,0,0,0.1363856944869382,0,0.6450047412595847,0,0.8751800665623539,0,ZNF850,LogisticRegression,mono,,-0.8751800665623539,-0.9227244625625132
331,24,0.8526124788869962,0,0.8758264123872503,0,0.72355687797223,0,0.8916121310820607,0,0,0,0.9122649341596754,0,0,0,0.7099176105694228,0,0,0,0.327733218018238,0,0,0,0.8679296151091757,0,0,0,0.6072028843480808,0,0,0,0.1474950849390705,0,0.8118111476832025,0,0.6097982060199831,0,ZNF800,LogisticRegression,mono,,-0.6097982060199831,-0.72355687797223
332,21,0.7730891262755102,0,0.8468420638666038,0,0.5562229873269358,0,0.8182077088647959,0,0,0,0.8184678307377694,0,0,0,0.4491246062559519,0,0,0,0.4206445263434296,0,0,0,0.7744425583697588,0,0,0,0.4971940876655378,0,0,0,0.279777022303602,0,0.6135496580860019,0,0.4667508253601909,0,ZNF773,LogisticRegression,mono,,-0.4667508253601909,-0.5562229873269358
333,20,0.7473400310980434,0,0.7749881154157835,0,0.5444052821158183,0,0.789834873083705,0,0,0,0.8242762585941305,0,0,0,0.7175542816189366,0,0,0,0.0810272566345317,0,0,0,0.7269137681205582,0,0,0,0.5153645622441293,0,0,0,0.0486888808701115,0,0.6613277521854982,0,0.3682190761707888,0,MGA,LogisticRegression,mono,,-0.3682190761707888,-0.5444052821158183
334,22,0.8641282454385053,0,0.9032292145170164,0,0.6373719887573792,0,0.8906382738102664,0,0,0,0.924389889076542,0,0,0,0.6547108461466145,0,0,0,0.3849349465235597,0,0,0,0.8826543331924247,0,0,0,0.7001293946912989,0,0,0,0.348350246128797,0,0.8053284831576756,0,0.698856760780766,0,ZNF623,LogisticRegression,mono,,-0.698856760780766,-0.6373719887573792
335,21,0.826069567971307,0,0.8420359865076464,0,0.8463598335965357,0,0.8535485140784426,0,0,0,0.8666707992264671,0,0,0,0.8612943995302231,0,0,0,0.1168503865532843,0,0,0,0.7823670221235903,0,0,0,0.8006010761497026,0,0,0,0.0716989324026718,0,0.7253956778129982,0,0.7379695820183054,0,TTF1,LogisticRegression,mono,,-0.7379695820183054,-0.8463598335965357
336,20,0.9701576782006248,0,0.9672182656053624,0,0.94362841875743,0,0.9719635545032892,0,0,0,0.9835567658148304,0,0,0,0.9553203831060028,0,0,0,0.7783241096812754,0,0,0,0.97996416920081,0,0,0,0.9457529228335664,0,0,0,0.7387283397800795,0,0.9695015701520951,0,0.9216724939473332,0,ZNF286B,LogisticRegression,mono,,-0.9216724939473332,-0.94362841875743
337,22,0.7771497111148499,0,0.7875489636411874,0,0.7916774066009906,0,0.7914976667156972,0,0,0,0.7994169101905718,0,0,0,0.7883415655366509,0,0,0,0.0632084453554436,0,0,0,0.6929396872050118,0,0,0,0.7076234977911499,0,0,0,0.0610253894626705,0,0.6817759818294048,0,0.7074961659346986,0,ZNF700,LogisticRegression,mono,,-0.7074961659346986,-0.7916774066009906
338,25,0.8437551095503592,0,0.8639503452115471,0,0.9302928470963296,0,0.8909312072334125,0,0,0,0.9035175045607688,0,0,0,0.9487263305288756,0,0,0,0.1079189041523335,0,0,0,0.8130496509573317,0,0,0,0.903732918869967,0,0,0,0.0676564868892474,0,0.7411033264370439,0,0.9254764469581344,0,ZNF746,LogisticRegression,mono,,-0.9254764469581344,-0.9302928470963296
339,28,0.7192641915138691,0,0.8022077012939105,0,0.7359640433712659,0,0.7377071005464331,0,0,0,0.8041260228166985,0,0,0,0.8073740262836773,0,0,0,0.1719569806730443,0,0,0,0.7364568450599962,0,0,0,0.7784783178683301,0,0,0,0.1380601658583249,0,0.6799993684944616,0,0.6952374792174171,0,ZNF728,LogisticRegression,mono,,-0.6952374792174171,-0.7359640433712659
340,24,0.6923500472879028,0,0.7500073289457379,0,0.6369283092694167,0,0.7471311940558809,0,0,0,0.7980081638744653,0,0,0,0.6114536729644466,0,0,0,0.1362134297196425,0,0,0,0.727232063069615,0,0,0,0.6121031489188122,0,0,0,0.0804167233408251,0,0.6555028737797549,0,0.595984761783062,0,ZNF845,LogisticRegression,mono,,-0.595984761783062,-0.6369283092694167
341,27,0.8580364219777062,0,0.8542762655488995,0,0.9469465224612826,0,0.8629793554914332,0,0,0,0.8596695911890984,0,0,0,0.9461976989018132,0,0,0,0.1766072693021545,0,0,0,0.8061933419495381,0,0,0,0.930473211108169,0,0,0,0.1502876146103703,0,0.790529964478081,0,0.924539930354706,0,ZNF683,LogisticRegression,mono,487.0,-0.924539930354706,-0.9469465224612826
349,22,0.9160812818066284,0,0.9223707733671008,0,0.9492130320547316,0,0.9259502378427928,0,0,0,0.9315565073684005,0,0,0,0.955523533318215,0,0,0,0.1982868496093657,0,0,0,0.8753505978899198,0,0,0,0.9001547269013754,0,0,0,0.1724249065595365,0,0.8577665236853845,0,0.8852423466581852,0,ZNF775,LogisticRegression,mono,,-0.8852423466581852,-0.9492130320547316
350,21,0.7423103754168888,0,0.7844792523256267,0,0.8233102280016691,0,0.7525986413336123,0,0,0,0.788624851976794,0,0,0,0.8323599200343778,0,0,0,0.208716522627673,0,0,0,0.7231704518297691,0,0,0,0.7694110237135442,0,0,0,0.1699480031033096,0,0.6452224878601427,0,0.7252404552256778,0,ZNF57,LogisticRegression,mono,2365.0,-0.7252404552256778,-0.8233102280016691
358,24,0.8154278265743785,0,0.8481066575120612,0,0.6545319336580638,0,0.8300310036084462,0,0,0,0.8548335443183832,0,0,0,0.6753431180212042,0,0,0,0.4287300540029381,0,0,0,0.8180396680746966,0,0,0,0.6459793446501464,0,0,0,0.3635058408831199,0,0.7439785845185655,0,0.5476948196490379,0,ZNF836,LogisticRegression,mono,1953.0,-0.5476948196490379,-0.6545319336580638
