,Count,roc_auc_train_H_PWM,roc_auc_train_H_PWM_di,roc_auc_test_H_PWM,roc_auc_test_H_PWM_di,roc_auc_test_M_PWM,roc_auc_test_M_PWM_di,roc_auc_train_H,mean_auc_train_H,median_auc_train_H,std_auc_train_H,roc_auc_test_H,mean_auc_test_H,median_auc_test_H,std_auc_test_H,roc_auc_test_M,mean_auc_test_M,median_auc_test_M,std_auc_test_M,pr_auc_train_H,mean_pr_auc_train_H,median_pr_auc_train_H,std_pr_auc_train_H,pr_auc_test_H,mean_pr_auc_test_H,median_pr_auc_test_H,std_pr_auc_test_H,pr_auc_test_M,mean_pr_auc_test_M,median_pr_auc_test_M,std_pr_auc_test_M,pr_auc_train_H_PWM,pr_auc_train_H_PWM_di,pr_auc_test_H_PWM,pr_auc_test_H_PWM_di,pr_auc_test_M_PWM,pr_auc_test_M_PWM_di,TF_name,Model,PWM,Seq_count,PR_delta_M,ROC_delta_M
0,34,0.9578524578746018,0,0.9600187566143342,0,0.7645811837754539,0,0.9652723803311896,0,0,0,0.9669623315531624,0,0,0,0.7544743798375295,0,0,0,0.2482357756172383,0,0,0,0.2640549245091755,0,0,0,0.0403372035785509,0,0,0,0.1815861661366319,0,0.1938997296387326,0,0.0429557098885925,0,LEUTX,LogisticRegression,mono,7223,-0.0429557098885925,-0.7645811837754539
8,20,0.9448462387849051,0,0.938991841458295,0,0.913939540551947,0,0.9755846427622554,0,0,0,0.9723609114333134,0,0,0,0.9436927478582872,0,0,0,0.3532342510199944,0,0,0,0.3326006908608818,0,0,0,0.241360926754314,0,0,0,0.1712454895106966,0,0.1652373728710399,0,0.1402251128305032,0,FBXL19,LogisticRegression,mono,6182,-0.1402251128305032,-0.913939540551947
16,40,0.8660992644316604,0,0.8726930025782766,0,0.7936707105172212,0,0.8859018496330093,0,0,0,0.8945958811234072,0,0,0,0.7666013575863363,0,0,0,0.212085065617343,0,0,0,0.2240466105193179,0,0,0,0.0689579787568505,0,0,0,0.193064833934855,0,0.2115619003875326,0,0.0563881901861471,0,ZBED5,LogisticRegression,mono,1535,-0.0563881901861471,-0.7936707105172212
24,20,0.890119359027438,0,0.8850458240806955,0,0.79207344922106,0,0.8804068651435883,0,0,0,0.8763392487485415,0,0,0,0.8059602040987681,0,0,0,0.7163466054803718,0,0,0,0.6621396363712337,0,0,0,0.1219038186601294,0,0,0,0.6741265801410297,0,0.5885296897696228,0,0.0852602253586636,0,ZFAT,LogisticRegression,mono,326,-0.0852602253586636,-0.79207344922106
32,26,0.8767678705497323,0,0.7943478598416231,0,0.4977174708141662,0,0.8832965268934507,0,0,0,0.8161263650949744,0,0,0,0.4908808637136077,0,0,0,0.776232155203579,0,0,0,0.6719857364562656,0,0,0,0.0423313515455193,0,0,0,0.7538585216621014,0,0.6544562483537449,0,0.0406926971793019,0,ZSCAN2,LogisticRegression,mono,278,-0.0406926971793019,-0.4977174708141662
40,34,0.987980052579342,0,0.98911640291168,0,0.6902609124663805,0,0.9896151504344254,0,0,0,0.9901894585012192,0,0,0,0.7089741906012147,0,0,0,0.7583380370818246,0,0,0,0.7663787524594716,0,0,0,0.0540333824178626,0,0,0,0.7451025251762594,0,0.7564627799010352,0,0.0492816882254152,0,LEF1,LogisticRegression,mono,5752,-0.0492816882254152,-0.6902609124663805
48,35,0.9639756064358244,0,0.9640624098008148,0,0.8648558906600183,0,0.9776904277156826,0,0,0,0.9774611680058864,0,0,0,0.8834532153755004,0,0,0,0.4556669132889928,0,0,0,0.4696863041237046,0,0,0,0.0842044152345731,0,0,0,0.3260956610452029,0,0.3417920363416977,0,0.0739360180534118,0,ZNF395,LogisticRegression,mono,9400,-0.0739360180534118,-0.8648558906600183
56,39,0.9124521084601868,0,0.9197587091675176,0,0.932324958034976,0,0.9228890749437688,0,0,0,0.9294257603493796,0,0,0,0.934777774366975,0,0,0,0.2923722926342498,0,0,0,0.3092514322754105,0,0,0,0.3539023841948753,0,0,0,0.2694730259309435,0,0.2801409221784851,0,0.3201698568642304,0,ZFTA,LogisticRegression,mono,2326,-0.3201698568642304,-0.932324958034976
64,20,0.972409305579106,0,0.9706867612112436,0,0.8517473361926713,0,0.9730571623186712,0,0,0,0.9696591164701884,0,0,0,0.8604360219788445,0,0,0,0.530522545065808,0,0,0,0.5286468512087048,0,0,0,0.119072205014441,0,0,0,0.4245752249005141,0,0.4244677214317011,0,0.0828327708279928,0,FOSL2,LogisticRegression,mono,4532,-0.0828327708279928,-0.8517473361926713
72,22,0.7876623523653333,0,0.7830479684968032,0,0.7559064825128091,0,0.7958648576621201,0,0,0,0.788392350678713,0,0,0,0.7507922477166407,0,0,0,0.3222611511400023,0,0,0,0.3180077212092895,0,0,0,0.2968016263844076,0,0,0,0.3011296377460199,0,0.2955784569059455,0,0.3021214964045666,0,ZNF226,LogisticRegression,mono,4429,-0.3021214964045666,-0.7559064825128091
80,27,0.8760825350972704,0,0.8777494784580498,0,0.8582179104551977,0,0.9177665491351804,0,0,0,0.9195113126732172,0,0,0,0.8542180898238202,0,0,0,0.3688675633664308,0,0,0,0.3877058107827258,0,0,0,0.2400467704745143,0,0,0,0.2558351468443162,0,0.2668531119629951,0,0.216359623702191,0,ZNF407,LogisticRegression,mono,1575,-0.216359623702191,-0.8582179104551977
88,20,0.9143069151852142,0,0.9102481289050752,0,0.8955635389745612,0,0.9387327816500032,0,0,0,0.9316960138995622,0,0,0,0.8876349204294879,0,0,0,0.7927229203990332,0,0,0,0.7620193791359654,0,0,0,0.4111546285043989,0,0,0,0.767143526329641,0,0.7346965865416515,0,0.4028600272191752,0,ZNF260,LogisticRegression,mono,346,-0.4028600272191752,-0.8955635389745612
96,20,0.9543331820423276,0,0.9527366784132518,0,0.4718162566940783,0,0.9614158248763456,0,0,0,0.9586690157662188,0,0,0,0.5805328405273561,0,0,0,0.7686791491981467,0,0,0,0.7803988133266863,0,0,0,0.030216569147624,0,0,0,0.6382165060336414,0,0.6433824280658746,0,0.0261418042264457,0,DNTTIP1,LogisticRegression,mono,2476,-0.0261418042264457,-0.4718162566940783
104,41,0.8894676343556238,0,0.8858444787908172,0,0.7365814817791349,0,0.8792483845850012,0,0,0,0.8779980186845459,0,0,0,0.7369004486916343,0,0,0,0.5839372916774607,0,0,0,0.5898011434321055,0,0,0,0.1293819491958253,0,0,0,0.5982170399630397,0,0.6070495649026021,0,0.1372314815198109,0,JRK,LogisticRegression,mono,1833,-0.1372314815198109,-0.7365814817791349
112,33,0.9300145729118868,0,0.9364140856259195,0,0.8596696193119276,0,0.9434915756652146,0,0,0,0.9469664864174518,0,0,0,0.8826200118794811,0,0,0,0.6082859067433843,0,0,0,0.6236183582893267,0,0,0,0.1789203402071177,0,0,0,0.5608255026660538,0,0.5781892943981745,0,0.1252623220642034,0,ZNF471,LogisticRegression,mono,2613,-0.1252623220642034,-0.8596696193119276
120,25,0.8031099774931049,0,0.7953242399183181,0,0.7547353163950966,0,0.8425092134518981,0,0,0,0.8380745297852141,0,0,0,0.7960975081161092,0,0,0,0.0750983603325285,0,0,0,0.0739186288477587,0,0,0,0.0573239019688985,0,0,0,0.0498096454009151,0,0.0443364772712054,0,0.0306874714569936,0,ZBTB8A,LogisticRegression,mono,1272,-0.0306874714569936,-0.7547353163950966
128,23,0.9231780663976952,0,0.9238804926891392,0,0.8715461010140505,0,0.9429232377535492,0,0,0,0.9448170488584902,0,0,0,0.8975993117348151,0,0,0,0.5665705511801016,0,0,0,0.5825761770021712,0,0,0,0.4104452965818095,0,0,0,0.5201272552807142,0,0.5426102920955953,0,0.3720147206409077,0,ZNF251,LogisticRegression,mono,6019,-0.3720147206409077,-0.8715461010140505
136,29,0.9621880776857962,0,0.9633745611888392,0,0.9379903358489652,0,0.9670230848433308,0,0,0,0.967752518605441,0,0,0,0.9330936506588366,0,0,0,0.4401302974903722,0,0,0,0.4553277587690825,0,0,0,0.6722860411330267,0,0,0,0.4010742176797907,0,0.413980448996076,0,0.7037929529320133,0,ZNF493,LogisticRegression,mono,11361,-0.7037929529320133,-0.9379903358489652
144,34,0.9315122843948488,0,0.9346462065473676,0,0.5637049866734002,0,0.9669364421872256,0,0,0,0.9669910008069262,0,0,0,0.5830670440085818,0,0,0,0.4711409383096179,0,0,0,0.4814670741074653,0,0,0,0.0373739206363316,0,0,0,0.3156060343768798,0,0.3230179143824594,0,0.0375392422438891,0,VDR,LogisticRegression,mono,4617,-0.0375392422438891,-0.5637049866734002
152,20,0.8561876495606185,0,0.8513493776193157,0,0.6073411813846578,0,0.922305533491524,0,0,0,0.9136557828235442,0,0,0,0.7646793074785982,0,0,0,0.4391211933243246,0,0,0,0.4083351005157646,0,0,0,0.0891387658057132,0,0,0,0.2074096964953077,0,0.1983603015075394,0,0.0194384704225126,0,ZNF322,LogisticRegression,mono,876,-0.0194384704225126,-0.6073411813846578
160,28,0.9622674680119176,0,0.960377355256318,0,0.7871058151590097,0,0.9832278975069862,0,0,0,0.98170133729569,0,0,0,0.8185375597157644,0,0,0,0.7707035121172988,0,0,0,0.7782831303553871,0,0,0,0.3474339871108594,0,0,0,0.5151693400611302,0,0.5340065676400724,0,0.2122868364849793,0,NACC2,LogisticRegression,mono,4038,-0.2122868364849793,-0.7871058151590097
168,40,0.8178759737499444,0,0.8255109983825145,0,0.6339861749282594,0,0.9277178726281228,0,0,0,0.9373677683440916,0,0,0,0.8133301972580066,0,0,0,0.4696612865461239,0,0,0,0.4940715377942242,0,0,0,0.1478113070861111,0,0,0,0.4229910660290212,0,0.4340780438812532,0,0.0660139085171723,0,ZNF107,LogisticRegression,mono,2324,-0.0660139085171723,-0.6339861749282594
176,27,0.7896982776468616,0,0.778240872573233,0,0.7386491710130174,0,0.8484898347524641,0,0,0,0.8388229207360468,0,0,0,0.7448988159954906,0,0,0,0.1389097333496572,0,0,0,0.1286461018787905,0,0,0,0.04380199295637,0,0,0,0.0819261869789587,0,0.0753875848221839,0,0.026915665759331,0,ZNF648,LogisticRegression,mono,6362,-0.026915665759331,-0.7386491710130174
184,20,0.934026751413046,0,0.9388322919089254,0,0.555414143598616,0,0.938992087949684,0,0,0,0.944387576502567,0,0,0,0.5985661764705882,0,0,0,0.4128287542016308,0,0,0,0.4380563363165908,0,0,0,0.1749702495643114,0,0,0,0.3375909283673202,0,0.3562874051103905,0,0.175042225320691,0,CAMTA2,LogisticRegression,mono,7908,-0.175042225320691,-0.555414143598616
192,28,0.9429108632383202,0,0.9520955738914548,0,0.5410985328920103,0,0.9558230972488424,0,0,0,0.9679409977242835,0,0,0,0.5463785408737718,0,0,0,0.6619098846250037,0,0,0,0.7245833989394503,0,0,0,0.0457694645177719,0,0,0,0.6386201638412791,0,0.6989005197337678,0,0.0395897993246567,0,ZNF841,LogisticRegression,mono,1966,-0.0395897993246567,-0.5410985328920103
200,46,0.7774512964365433,0,0.7962565647344197,0,0.7032526361197924,0,0.8381278524593431,0,0,0,0.8490126079154178,0,0,0,0.6800488968278955,0,0,0,0.3233008887734241,0,0,0,0.3459681670020387,0,0,0,0.0317343026969229,0,0,0,0.302563852597579,0,0.3268217909945285,0,0.0517320286021801,0,TIGD4,LogisticRegression,mono,779,-0.0517320286021801,-0.7032526361197924
208,31,0.7863798321422852,0,0.7617233123991403,0,0.7925115360848735,0,0.8419558395583433,0,0,0,0.8240827598099132,0,0,0,0.7857865358396621,0,0,0,0.2337410058518207,0,0,0,0.2243663048256103,0,0,0,0.1957361306732974,0,0,0,0.2036880851305027,0,0.2024624812119014,0,0.1744360894733093,0,ZNF470,LogisticRegression,mono,2701,-0.1744360894733093,-0.7925115360848735
216,35,0.7790436961250493,0,0.7879212225971398,0,0.7358955869505049,0,0.9049796021605964,0,0,0,0.9073457282982892,0,0,0,0.7529913317154568,0,0,0,0.2371128920952828,0,0,0,0.263480134006597,0,0,0,0.0777915208021811,0,0,0,0.1682404701292091,0,0.1928782820645064,0,0.0730904496265663,0,ZNF510,LogisticRegression,mono,3967,-0.0730904496265663,-0.7358955869505049
224,24,0.8863325227827271,0,0.8911633198267698,0,0.9382744936160468,0,0.917768426696347,0,0,0,0.9194312855464823,0,0,0,0.9356612685860348,0,0,0,0.1060818675097274,0,0,0,0.123202345681573,0,0,0,0.0893438115896521,0,0,0,0.0602108840437436,0,0.0643022771416737,0,0.0805972953904678,0,ZNF384,LogisticRegression,mono,6652,-0.0805972953904678,-0.9382744936160468
232,26,0.9640769800002276,0,0.9638271097247304,0,0.8568012311080353,0,0.968964841115913,0,0,0,0.9685439894768978,0,0,0,0.8616581735447127,0,0,0,0.7016054345500266,0,0,0,0.7010162603881348,0,0,0,0.3131922231502049,0,0,0,0.6528770307731149,0,0.64913162285033,0,0.2739890484952986,0,CTCF,LogisticRegression,mono,11114,-0.2739890484952986,-0.8568012311080353
240,20,0.9607056895679044,0,0.949906470769784,0,0.8962961262791148,0,0.9647369139272204,0,0,0,0.9573397569603426,0,0,0,0.8975916813208108,0,0,0,0.833314663485949,0,0,0,0.8225212944641698,0,0,0,0.4892204602951529,0,0,0,0.7866891219748077,0,0.7733187022828764,0,0.4584337713026276,0,ZNF134,LogisticRegression,mono,2715,-0.4584337713026276,-0.8962961262791148
248,20,0.916075144866864,0,0.9174000676850314,0,0.8435591727203875,0,0.9688050413017736,0,0,0,0.9696173471197688,0,0,0,0.8803165969851924,0,0,0,0.409341919694879,0,0,0,0.4171421643573044,0,0,0,0.226947864739256,0,0,0,0.1224811623306041,0,0.1211472620348469,0,0.0831554774485318,0,KDM2A,LogisticRegression,mono,20339,-0.0831554774485318,-0.8435591727203875
256,32,0.9454231243401762,0,0.9466665284136012,0,0.7523029897315824,0,0.9604378991404392,0,0,0,0.9617156850144396,0,0,0,0.8020363865031799,0,0,0,0.4039370578453665,0,0,0,0.4060717439720301,0,0,0,0.0515631655452547,0,0,0,0.3001391029112101,0,0.2916012220285742,0,0.0264666732997729,0,TPRX1,LogisticRegression,mono,7887,-0.0264666732997729,-0.7523029897315824
264,25,0.9506148796193072,0,0.9525605182603892,0,0.8684583367630335,0,0.9690480206314256,0,0,0,0.9703009449973032,0,0,0,0.8874279339754608,0,0,0,0.3327527517470802,0,0,0,0.339581234670599,0,0,0,0.1418294845584821,0,0,0,0.2233108922579175,0,0.2292184063073417,0,0.0935871108949074,0,ELF3,LogisticRegression,mono,18174,-0.0935871108949074,-0.8684583367630335
272,23,0.9235151440200604,0,0.925824232981448,0,0.6591204166951268,0,0.9497129960601848,0,0,0,0.9452956744561946,0,0,0,0.669076660128962,0,0,0,0.4536759616367173,0,0,0,0.4331080693615071,0,0,0,0.0169244012705666,0,0,0,0.3358704693906719,0,0.3326032193016961,0,0.0094312263177012,0,SRY,LogisticRegression,mono,1852,-0.0094312263177012,-0.6591204166951268
280,43,0.8896150960341425,0,0.8795173923213649,0,0.8852465694325174,0,0.8992266597681695,0,0,0,0.8907652214161874,0,0,0,0.8759067624106741,0,0,0,0.4419142374090687,0,0,0,0.4434767737908041,0,0,0,0.1664525103564351,0,0,0,0.400275822839663,0,0.4148387811818077,0,0.0864728162702145,0,ZNF131,LogisticRegression,mono,1419,-0.0864728162702145,-0.8852465694325174
288,102,0.838402956086354,0,0.844793163352269,0,0.6692299492632048,0,0.8914933584824388,0,0,0,0.8974974538239546,0,0,0,0.6935215776473568,0,0,0,0.1431406844089688,0,0,0,0.1536452431610141,0,0,0,0.0331782038065638,0,0,0,0.0798643300078763,0,0.0868232016496923,0,0.0311810769797215,0,SALL3,LogisticRegression,mono,5315,-0.0311810769797215,-0.6692299492632048
296,20,0.9528224135802468,0,0.9523698757685156,0,0.7180046549385445,0,0.9551944074074076,0,0,0,0.9564743447391962,0,0,0,0.7110700059271049,0,0,0,0.7495755079147575,0,0,0,0.7398377136563467,0,0,0,0.0584145728025208,0,0,0,0.6537430735990193,0,0.6518292115362297,0,0.0532113953073036,0,PRDM10,LogisticRegression,mono,794,-0.0532113953073036,-0.7180046549385445
304,27,0.9958844077043626,0,0.995494361526548,0,0.8949699454186206,0,0.9966139701604476,0,0,0,0.9960792187274152,0,0,0,0.8870587877642588,0,0,0,0.8903470787069708,0,0,0,0.8973833717144144,0,0,0,0.2612138961068832,0,0,0,0.8556075214912293,0,0.8653988113792729,0,0.2947987433134245,0,NFKB1,LogisticRegression,mono,8969,-0.2947987433134245,-0.8949699454186206
312,28,0.9382523456616678,0,0.9449482551590292,0,0.9144855163151308,0,0.9421939630602352,0,0,0,0.9488598549960692,0,0,0,0.9157177741827172,0,0,0,0.4096648134917549,0,0,0,0.4217669783486386,0,0,0,0.5346549706472937,0,0,0,0.3834168952551839,0,0.3908146710632173,0,0.440991531222685,0,ZNF726,LogisticRegression,mono,4042,-0.440991531222685,-0.9144855163151308
320,20,0.8998027446272627,0,0.8628956656454938,0,0.7102669573259347,0,0.8985749593955229,0,0,0,0.8531032394087293,0,0,0,0.6864471396485665,0,0,0,0.7649488818960006,0,0,0,0.6684322886847116,0,0,0,0.2439795736027834,0,0,0,0.7648065280962065,0,0.6567965560488138,0,0.2278971950985949,0,GLI4,LogisticRegression,mono,293,-0.2278971950985949,-0.7102669573259347
328,20,0.9372335403847204,0,0.9437951734854068,0,0.793145626878646,0,0.9400872583151236,0,0,0,0.9509807427378631,0,0,0,0.7817133649626627,0,0,0,0.5994130817956734,0,0,0,0.611699970464271,0,0,0,0.3063208772796943,0,0,0,0.5670421531384253,0,0.5719932912263672,0,0.3211680028484716,0,ZNF20,LogisticRegression,mono,1274,-0.3211680028484716,-0.793145626878646
336,18,0.8359712247324613,0,0.8042698458297424,0,0.6251096959799762,0,0.8671481569560047,0,0,0,0.858909636439082,0,0,0,0.6769757316456898,0,0,0,0.5541653034561973,0,0,0,0.4987629744180158,0,0,0,0.2226475974247119,0,0,0,0.4148618058708477,0,0.3435581852007798,0,0.1473830669492293,0,ZNF264,LogisticRegression,mono,177,-0.1473830669492293,-0.6251096959799762
344,23,0.9520280075799628,0,0.95635874535036,0,0.9102525241586804,0,0.9597070900651216,0,0,0,0.962678962000471,0,0,0,0.9260769720759712,0,0,0,0.3744737805611801,0,0,0,0.390907093152383,0,0,0,0.3774272049380685,0,0,0,0.294952165320538,0,0.3128264634232116,0,0.3144609222799363,0,ZNF780B,LogisticRegression,mono,5790,-0.3144609222799363,-0.9102525241586804
352,29,0.934034713405924,0,0.9375248263024843,0,0.8389247165714646,0,0.9763240189027368,0,0,0,0.9766811933325464,0,0,0,0.8713360501389376,0,0,0,0.4280683419227007,0,0,0,0.4467608722377725,0,0,0,0.1352481213170945,0,0,0,0.3029824683087497,0,0.3373564409344927,0,0.1678511052497421,0,FLI1,LogisticRegression,mono,16616,-0.1678511052497421,-0.8389247165714646
360,48,0.8168663326995388,0,0.8126161713403228,0,0.8117427070739567,0,0.8771283774459541,0,0,0,0.8682568031834795,0,0,0,0.8173221522304264,0,0,0,0.2451600074731328,0,0,0,0.2339990682867977,0,0,0,0.0751402075913653,0,0,0,0.2317218121450612,0,0.2259343961310695,0,0.062320402615236,0,CAMTA1,LogisticRegression,mono,2257,-0.062320402615236,-0.8117427070739567
368,25,0.8760031441989603,0,0.8709997143380218,0,0.694382370394687,0,0.9101542119565218,0,0,0,0.90573136568521,0,0,0,0.7084726395798085,0,0,0,0.409268991512594,0,0,0,0.4135099256326775,0,0,0,0.0981868744657604,0,0,0,0.4216161386212771,0,0.4267691575904698,0,0.0882655180692086,0,CREB3L3,LogisticRegression,mono,1592,-0.0882655180692086,-0.694382370394687
376,27,0.948887199194155,0,0.9506703711411648,0,0.7915934900908584,0,0.9556663063476571,0,0,0,0.9578330036371008,0,0,0,0.7517267406181785,0,0,0,0.5679786658174242,0,0,0,0.5858483224054255,0,0,0,0.0758184245664647,0,0,0,0.5220685904553235,0,0.5426132210228918,0,0.0750771131722146,0,ZSCAN25,LogisticRegression,mono,1916,-0.0750771131722146,-0.7915934900908584
384,20,0.8994041298482711,0,0.8947769644240703,0,0.6698526435672069,0,0.9433613338778744,0,0,0,0.9406067398954028,0,0,0,0.680567621805619,0,0,0,0.5506955742646046,0,0,0,0.4978889051067695,0,0,0,0.0781883834982178,0,0,0,0.3148488334479758,0,0.2976262899042339,0,0.0090830272521713,0,ZNF234,LogisticRegression,mono,704,-0.0090830272521713,-0.6698526435672069
392,25,0.976843800628462,0,0.9788315152535498,0,0.7361739727524337,0,0.9763873822162552,0,0,0,0.979693348379962,0,0,0,0.7462744282143462,0,0,0,0.7576030653061766,0,0,0,0.750589355250761,0,0,0,0.0757047655465121,0,0,0,0.7457215845978562,0,0.7391770816134465,0,0.0736004005820881,0,TIGD3,LogisticRegression,mono,2672,-0.0736004005820881,-0.7361739727524337
400,39,0.7940605768353556,0,0.7994409370422363,0,0.8041601692413509,0,0.8336667153227594,0,0,0,0.8227656221389771,0,0,0,0.8733164484183349,0,0,0,0.1354461347304291,0,0,0,0.1380819418597424,0,0,0,0.1287399073627274,0,0,0,0.107255511008093,0,0.1268279612924496,0,0.0379603277936168,0,RLF,LogisticRegression,mono,1024,-0.0379603277936168,-0.8041601692413509
408,23,0.935738430600741,0,0.9361627010795796,0,0.8910599534122985,0,0.9448399288476026,0,0,0,0.9454139345007156,0,0,0,0.8941504967932773,0,0,0,0.1567923727181756,0,0,0,0.1563460610625751,0,0,0,0.1507921081226419,0,0,0,0.1345960867961778,0,0.1337506340519725,0,0.1318359007703131,0,ZNF367,LogisticRegression,mono,31393,-0.1318359007703131,-0.8910599534122985
416,38,0.937707896255149,0,0.9488915026894336,0,0.8188761905462159,0,0.9402450670208912,0,0,0,0.950272093059678,0,0,0,0.8057735312505168,0,0,0,0.678894436366927,0,0,0,0.6732462450892395,0,0,0,0.0710128582451388,0,0,0,0.6508090027072995,0,0.6371663015999344,0,0.0648855358050561,0,MSANTD1,LogisticRegression,mono,1313,-0.0648855358050561,-0.8188761905462159
424,28,0.9429979750423164,0,0.9451031255007744,0,0.7538720995865368,0,0.9422584532129044,0,0,0,0.9426955537250836,0,0,0,0.7482672835960656,0,0,0,0.8586605691165189,0,0,0,0.8630164410251373,0,0,0,0.3052854239138947,0,0,0,0.8402688735230346,0,0.846366563252423,0,0.2713666452730743,0,ZBTB40,LogisticRegression,mono,3143,-0.2713666452730743,-0.7538720995865368
432,24,0.921605739616077,0,0.917127979403345,0,0.5662516499374441,0,0.952115716534186,0,0,0,0.9505984847502305,0,0,0,0.5704942995308325,0,0,0,0.3043426894030615,0,0,0,0.3142309208835473,0,0,0,0.0139981088603005,0,0,0,0.182815073859921,0,0.1834922370147462,0,0.013004067108622,0,MKX,LogisticRegression,mono,1983,-0.013004067108622,-0.5662516499374441
440,58,0.9211147333382256,0,0.9491839691181876,0,0.927946249711575,0,0.9457157614862232,0,0,0,0.96300156684932,0,0,0,0.9448744478407632,0,0,0,0.3503942618258391,0,0,0,0.3924795844433594,0,0,0,0.2320607445198835,0,0,0,0.2008375750520183,0,0.2423734122013068,0,0.1294129741894449,0,ZNF362,LogisticRegression,mono,478,-0.1294129741894449,-0.927946249711575
448,26,0.982776676942468,0,0.9854956488214855,0,0.5804516684394979,0,0.9831416953113772,0,0,0,0.9860123941200368,0,0,0,0.5976570024120609,0,0,0,0.8370604261922643,0,0,0,0.8555085001528968,0,0,0,0.016431119099262,0,0,0,0.8234533132132432,0,0.844662506148244,0,0.0161041912380832,0,PAX7,LogisticRegression,mono,3945,-0.0161041912380832,-0.5804516684394979
456,36,0.937968499143509,0,0.940326190753255,0,0.7014351264215327,0,0.957336040197463,0,0,0,0.9595788504760868,0,0,0,0.6530374916912164,0,0,0,0.5208587085323854,0,0,0,0.5365693985603718,0,0,0,0.0747349880354387,0,0,0,0.3775459843120285,0,0.406993290423122,0,0.0569194100017709,0,ZNF48,LogisticRegression,mono,3652,-0.0569194100017709,-0.7014351264215327
464,20,0.7760235758159701,0,0.766948419341695,0,0.6802503508091077,0,0.8979181306913687,0,0,0,0.8941336938421203,0,0,0,0.7664187742607227,0,0,0,0.2054035817328822,0,0,0,0.1750026455059372,0,0,0,0.0307944788683015,0,0,0,0.0637757515075284,0,0.0576988780248389,0,0.011223572233312,0,SP100,LogisticRegression,mono,672,-0.011223572233312,-0.6802503508091077
472,24,0.8899782076963036,0,0.8891258621728588,0,0.7217172871066866,0,0.9814625666947197,0,0,0,0.9805047181231388,0,0,0,0.7885551806347624,0,0,0,0.5030811179921836,0,0,0,0.5042359551272221,0,0,0,0.0903409408935252,0,0,0,0.3057769022588587,0,0.3078569884927309,0,0.0500181357641527,0,GABPA,LogisticRegression,mono,8634,-0.0500181357641527,-0.7217172871066866
480,28,0.9055299322637664,0,0.9083343115957696,0,0.6970819608143524,0,0.9435192111274548,0,0,0,0.9455788480230272,0,0,0,0.717883021174308,0,0,0,0.4623203130833384,0,0,0,0.4906575555377087,0,0,0,0.1077984995974153,0,0,0,0.3571335151441681,0,0.390032444824111,0,0.0894821144271652,0,ZNF347,LogisticRegression,mono,3762,-0.0894821144271652,-0.6970819608143524
488,20,0.8074631947736887,0,0.7858128204668507,0,0.768571888381086,0,0.8271974459543499,0,0,0,0.7974299006776866,0,0,0,0.8062182447472479,0,0,0,0.2840448261364706,0,0,0,0.2176013584911221,0,0,0,0.0497886033798166,0,0,0,0.2188737912138884,0,0.2069337909327068,0,0.0429028092928829,0,ZNF770,LogisticRegression,mono,334,-0.0429028092928829,-0.768571888381086
496,21,0.9531147346291512,0,0.9522779340183884,0,0.952818592138856,0,0.9513843221832202,0,0,0,0.95228854786371,0,0,0,0.946603150406504,0,0,0,0.8543645634060051,0,0,0,0.868089281296079,0,0,0,0.8552175516270168,0,0,0,0.8309046044101799,0,0.8469350077091472,0,0.8452340683762002,0,ZNF436,LogisticRegression,mono,860,-0.8452340683762002,-0.952818592138856
504,36,0.9309820618921396,0,0.923830812242296,0,0.9003797226973266,0,0.9338569236288264,0,0,0,0.9282659149169922,0,0,0,0.8619121052571487,0,0,0,0.5360979302708467,0,0,0,0.5170334485165505,0,0,0,0.0924665286107063,0,0,0,0.4859579013666781,0,0.4679906776052249,0,0.1160248143096525,0,SLC2A4RG,LogisticRegression,mono,768,-0.1160248143096525,-0.9003797226973266
512,20,0.8421923700827406,0,0.833326728204878,0,0.7657881410973085,0,0.8806273007693424,0,0,0,0.8768002172263009,0,0,0,0.8000614264471572,0,0,0,0.2305356693115956,0,0,0,0.2391184634368326,0,0,0,0.092064129163734,0,0,0,0.1414596754846621,0,0.1473123222567086,0,0.0463541569208558,0,ZBTB41,LogisticRegression,mono,1343,-0.0463541569208558,-0.7657881410973085
520,24,0.9793933830638648,0,0.9718670497229476,0,0.8513305770917908,0,0.9840719574173792,0,0,0,0.978603773176514,0,0,0,0.8926126082536417,0,0,0,0.8927093489009599,0,0,0,0.8900526741405494,0,0,0,0.2352666360860764,0,0,0,0.8789230370589337,0,0.8757535729402096,0,0.208333770700225,0,FIZ1,LogisticRegression,mono,1096,-0.208333770700225,-0.8513305770917908
528,20,0.9289675890380366,0,0.936440064590542,0,0.9295667413768804,0,0.927412163794784,0,0,0,0.933476555171088,0,0,0,0.8991453484935966,0,0,0,0.7928554065262702,0,0,0,0.7914716024671179,0,0,0,0.6260259194783979,0,0,0,0.6910420564958577,0,0.6842731206622705,0,0.5160057448572505,0,ZNF250,LogisticRegression,mono,1275,-0.5160057448572505,-0.9295667413768804
536,30,0.9133540833048676,0,0.9077863278186576,0,0.828993894124236,0,0.955721748234613,0,0,0,0.9526493161286274,0,0,0,0.859779695105289,0,0,0,0.3637631464129331,0,0,0,0.358020073567535,0,0,0,0.0856487777623301,0,0,0,0.200631464825008,0,0.2094010099105028,0,0.0296558947881747,0,CXXC4,LogisticRegression,mono,3232,-0.0296558947881747,-0.828993894124236
544,26,0.9798962012296598,0,0.978379510861906,0,0.6780262356951546,0,0.9835684772559168,0,0,0,0.9816490444060564,0,0,0,0.6346846846846846,0,0,0,0.8935329468717055,0,0,0,0.8927771938627572,0,0,0,0.057651177860839,0,0,0,0.8758568766947377,0,0.8703002452207103,0,0.029177966648723,0,ZNF233,LogisticRegression,mono,2169,-0.029177966648723,-0.6780262356951546
552,20,0.9171619715528574,0,0.9181243799603176,0,0.7584019822368717,0,0.9176614327384748,0,0,0,0.9160532702664398,0,0,0,0.7683392505304053,0,0,0,0.6560774373394197,0,0,0,0.6799627363032377,0,0,0,0.0539048545929465,0,0,0,0.5591422066590592,0,0.5982857871806624,0,0.0506650068926748,0,ZNF142,LogisticRegression,mono,336,-0.0506650068926748,-0.7584019822368717
560,35,0.9658033575298904,0,0.9695076510060814,0,0.8015769218766501,0,0.970713944542498,0,0,0,0.9746593269480108,0,0,0,0.7843053063867571,0,0,0,0.5877740837528318,0,0,0,0.6049076023693514,0,0,0,0.0513997747369252,0,0,0,0.5193502234142706,0,0.5318688114000434,0,0.0425238263880468,0,MYF6,LogisticRegression,mono,7995,-0.0425238263880468,-0.8015769218766501
568,68,0.8574746840613878,0,0.8575325579801927,0,0.7403174923270023,0,0.9197331715024396,0,0,0,0.9172528370344424,0,0,0,0.7529097375300607,0,0,0,0.1813160780477068,0,0,0,0.1817567968747095,0,0,0,0.0296729775624717,0,0,0,0.1024311805103894,0,0.1028246370292982,0,0.0279324395265427,0,SOX2,LogisticRegression,mono,5603,-0.0279324395265427,-0.7403174923270023
576,30,0.9342663558792924,0,0.9324462352022114,0,0.6447110637934724,0,0.9691609240374608,0,0,0,0.9609059070969292,0,0,0,0.5823665300754709,0,0,0,0.6343898772637635,0,0,0,0.6063146300799732,0,0,0,0.0188458639048867,0,0,0,0.400508358972207,0,0.3773149663244607,0,0.0160182813260608,0,ZNF500,LogisticRegression,mono,645,-0.0160182813260608,-0.6447110637934724
584,34,0.9747424863663666,0,0.9822097530196504,0,0.7694025241521931,0,0.9773504098993115,0,0,0,0.985806441920558,0,0,0,0.761818954893013,0,0,0,0.9534152396565068,0,0,0,0.936094785480271,0,0,0,0.1694519759927782,0,0,0,0.953557674330794,0,0.932467911748748,0,0.1464071536183197,0,FLYWCH1,LogisticRegression,mono,774,-0.1464071536183197,-0.7694025241521931
592,28,0.817657129623686,0,0.8290000533846758,0,0.7852336044113103,0,0.8698680856924688,0,0,0,0.8732372496447807,0,0,0,0.7962875217208698,0,0,0,0.1808887162670464,0,0,0,0.2023398923162482,0,0,0,0.0630518372731216,0,0,0,0.1469784854136631,0,0.1508134622731292,0,0.0535164072955252,0,PRDM5,LogisticRegression,mono,3708,-0.0535164072955252,-0.7852336044113103
600,20,0.9399836127519507,0,0.9334528177902282,0,0.8877391196583716,0,0.943411804599427,0,0,0,0.937406157334618,0,0,0,0.8771809490429099,0,0,0,0.3077501996616611,0,0,0,0.3093599900849982,0,0,0,0.0926761428109565,0,0,0,0.2892332808352196,0,0.2830539009238926,0,0.0728660963903951,0,FAM200B,LogisticRegression,mono,887,-0.0728660963903951,-0.8877391196583716
608,28,0.9105987818724228,0,0.9048554832933438,0,0.7262683540064655,0,0.9307990490334316,0,0,0,0.9257906634151924,0,0,0,0.7022097854689999,0,0,0,0.162296792627627,0,0,0,0.1587194043191954,0,0,0,0.0324551200843371,0,0,0,0.1072822694529687,0,0.1008611342353144,0,0.0312225715144012,0,ZNF831,LogisticRegression,mono,4962,-0.0312225715144012,-0.7262683540064655
616,20,0.9568698923514046,0,0.9592263150910488,0,0.7122490919422818,0,0.9663342455294968,0,0,0,0.9675673628690404,0,0,0,0.7286406252225227,0,0,0,0.4820576150095186,0,0,0,0.5011807633584401,0,0,0,0.0316092516455707,0,0,0,0.4198244377691977,0,0.4441467064392717,0,0.0250680464984215,0,ZBED9,LogisticRegression,mono,7744,-0.0250680464984215,-0.7122490919422818
624,33,0.9479201776998276,0,0.948773769478778,0,0.7263070180770801,0,0.9583818413547606,0,0,0,0.9576950174606828,0,0,0,0.7195692520454715,0,0,0,0.417695325034764,0,0,0,0.4226273083469992,0,0,0,0.0990529872393104,0,0,0,0.3831868279106411,0,0.3845965153761338,0,0.0933948075411909,0,YY1,LogisticRegression,mono,8195,-0.0933948075411909,-0.7263070180770801
632,32,0.957357458847492,0,0.957285594321152,0,0.769074145707482,0,0.9670529162373004,0,0,0,0.9674374808546908,0,0,0,0.7638981917371748,0,0,0,0.3299428498016442,0,0,0,0.3232208775383969,0,0,0,0.037226360902195,0,0,0,0.2819497542686194,0,0.2810254743182154,0,0.0244457285601267,0,MAX,LogisticRegression,mono,12534,-0.0244457285601267,-0.769074145707482
640,52,0.8305667608323982,0,0.838771734427204,0,0.5900198468142412,0,0.8895856581780718,0,0,0,0.8869879429211406,0,0,0,0.6394324383469405,0,0,0,0.3326935807819178,0,0,0,0.3554718494740411,0,0,0,0.0163284152915729,0,0,0,0.1693172858835921,0,0.1841399708252334,0,0.0138079714867348,0,ZNF292,LogisticRegression,mono,4097,-0.0138079714867348,-0.5900198468142412
648,32,0.897224631577271,0,0.8973916440786266,0,0.6245955735809949,0,0.9239877774864202,0,0,0,0.9233744211648066,0,0,0,0.6385214046556122,0,0,0,0.2355753272832917,0,0,0,0.2680585891207449,0,0,0,0.045267857185297,0,0,0,0.2011331003465329,0,0.2263593445528168,0,0.0597285382600863,0,RORB,LogisticRegression,mono,3354,-0.0597285382600863,-0.6245955735809949
656,27,0.869478431753703,0,0.8460505489349445,0,0.8202793441072805,0,0.917394954696008,0,0,0,0.898803129312007,0,0,0,0.8406499012510612,0,0,0,0.173292486034364,0,0,0,0.1581522171205176,0,0,0,0.1500140498049054,0,0,0,0.074605812033731,0,0.0661562556731264,0,0.0908443154654456,0,TET3,LogisticRegression,mono,2783,-0.0908443154654456,-0.8202793441072805
664,38,0.8845080032856579,0,0.8857609203443839,0,0.7963443427894367,0,0.9319500561483052,0,0,0,0.9341689102460152,0,0,0,0.807372829550698,0,0,0,0.2580020737910646,0,0,0,0.2546146772547799,0,0,0,0.0436947166123702,0,0,0,0.0889556827745942,0,0.0862570456043334,0,0.0433952046336225,0,SP140L,LogisticRegression,mono,4031,-0.0433952046336225,-0.7963443427894367
672,34,0.8454124761936583,0,0.7942453686200378,0,0.7910678581026606,0,0.9343172174145477,0,0,0,0.8831909262759925,0,0,0,0.8787515855952701,0,0,0,0.633827122815255,0,0,0,0.5393479039496146,0,0,0,0.6434873849976884,0,0,0,0.501606445591328,0,0.3450328723933031,0,0.61385389197219,0,ZFP3,LogisticRegression,mono,115,-0.61385389197219,-0.7910678581026606
680,52,0.7444200281595417,0,0.7456753551511461,0,0.7411819068627159,0,0.8728711242123163,0,0,0,0.8771309248925272,0,0,0,0.860169091155596,0,0,0,0.1661772386888146,0,0,0,0.1722047936926145,0,0,0,0.1568026125156043,0,0,0,0.0886736626909381,0,0.0945378255584192,0,0.031202809483718,0,ZNF43,LogisticRegression,mono,9714,-0.031202809483718,-0.7411819068627159
688,34,0.9486417513542326,0,0.9447305320731676,0,0.5765369730263021,0,0.95347148267808,0,0,0,0.9485431549436282,0,0,0,0.5842610721034025,0,0,0,0.674476131558008,0,0,0,0.6632586223180746,0,0,0,0.0148963146994017,0,0,0,0.5491427528251405,0,0.5366435101857371,0,0.0151780173932165,0,ZNF35,LogisticRegression,mono,1705,-0.0151780173932165,-0.5765369730263021
696,31,0.9082359252192966,0,0.9063307884029372,0,0.8694649923105996,0,0.92615304596297,0,0,0,0.9232797699012396,0,0,0,0.8764991905798328,0,0,0,0.2043684133275855,0,0,0,0.1992071249269846,0,0,0,0.0813456367111411,0,0,0,0.1631018444556842,0,0.1507565318161055,0,0.0540967777769532,0,GCM1,LogisticRegression,mono,5735,-0.0540967777769532,-0.8694649923105996
704,55,0.9087565205503878,0,0.9067374161251898,0,0.8086861818446093,0,0.926162746663843,0,0,0,0.9240492954172768,0,0,0,0.7921746296376494,0,0,0,0.1759931144537106,0,0,0,0.1768703182989376,0,0,0,0.0529873542045499,0,0,0,0.1423516693255005,0,0.1432602426339681,0,0.0493375617939589,0,PRDM13,LogisticRegression,mono,6143,-0.0493375617939589,-0.8086861818446093
712,31,0.9836612814976388,0,0.9768205165364112,0,0.704783361609087,0,0.9854563715013844,0,0,0,0.97779513482739,0,0,0,0.6959197407098273,0,0,0,0.7967110101017785,0,0,0,0.7862273989361201,0,0,0,0.1717573519721983,0,0,0,0.7309513864743624,0,0.7266086059933206,0,0.1687135973162921,0,TERF1,LogisticRegression,mono,695,-0.1687135973162921,-0.704783361609087
720,20,0.784772864518262,0,0.7902624625256228,0,0.7406837881028921,0,0.8125833652891372,0,0,0,0.8002510866734771,0,0,0,0.6758351985804697,0,0,0,0.3742205279963957,0,0,0,0.3995208975544499,0,0,0,0.1044448716814939,0,0,0,0.3986405344211265,0,0.4249889983129721,0,0.1090386865255935,0,RFX5,LogisticRegression,mono,774,-0.1090386865255935,-0.7406837881028921
728,33,0.98232012730977,0,0.9823319771587052,0,0.814014870416749,0,0.9811990486093788,0,0,0,0.9810820520802552,0,0,0,0.7934404311109473,0,0,0,0.8476884205458404,0,0,0,0.8547239560352279,0,0,0,0.1270566020659495,0,0,0,0.8036911772234872,0,0.8164571327524678,0,0.1179735686926347,0,DMTF1,LogisticRegression,mono,2737,-0.1179735686926347,-0.814014870416749
736,20,0.8190024594907407,0,0.8657742745535715,0,0.744890042666991,0,0.8420388454861112,0,0,0,0.877176737882653,0,0,0,0.7375067755937382,0,0,0,0.2615505259259671,0,0,0,0.2766286361440226,0,0,0,0.0373668313177459,0,0,0,0.2415934938539719,0,0.2813269407717746,0,0.0404566919505766,0,ZBTB8B,LogisticRegression,mono,224,-0.0404566919505766,-0.744890042666991
744,47,0.9082586744411496,0,0.9086607575363504,0,0.6723086363757346,0,0.9357540947632876,0,0,0,0.9355879565276722,0,0,0,0.6547348810208026,0,0,0,0.3006224055141976,0,0,0,0.300755279339083,0,0,0,0.0178380120464469,0,0,0,0.1595820840785562,0,0.1569646547966711,0,0.0093163070846233,0,SOX15,LogisticRegression,mono,3394,-0.0093163070846233,-0.6723086363757346
752,20,0.8330471451730089,0,0.8313807172796753,0,0.7053181516509043,0,0.8691461728365433,0,0,0,0.860051591006123,0,0,0,0.729153099669374,0,0,0,0.1077253236747565,0,0,0,0.1048881986665682,0,0,0,0.04122982746598,0,0,0,0.09924803517237,0,0.0979473307203369,0,0.0403709546170029,0,ZNF215,LogisticRegression,mono,1057,-0.0403709546170029,-0.7053181516509043
760,20,0.9186526767569771,0,0.9280988387096776,0,0.6366649229391012,0,0.9380169813023248,0,0,0,0.9454354547346512,0,0,0,0.6497149620370389,0,0,0,0.521837666371395,0,0,0,0.5428983352414358,0,0,0,0.0231771589052087,0,0,0,0.3983123637086974,0,0.4092756813538993,0,0.0220437669434097,0,BATF2,LogisticRegression,mono,775,-0.0220437669434097,-0.6366649229391012
768,47,0.7603943276545229,0,0.7674465112912288,0,0.8191367726763356,0,0.8841876826035251,0,0,0,0.8845538664805231,0,0,0,0.8478883554935562,0,0,0,0.1238024709506388,0,0,0,0.1276979132394873,0,0,0,0.0900597399901534,0,0,0,0.1530430368788533,0,0.1697888343353466,0,0.115445252977985,0,ZNF335,LogisticRegression,mono,12096,-0.115445252977985,-0.8191367726763356
776,47,0.945643445392972,0,0.94672162654689,0,0.769274897390201,0,0.9572949091782808,0,0,0,0.9579170619345512,0,0,0,0.7885471846283139,0,0,0,0.2583189671566463,0,0,0,0.2724686667827036,0,0,0,0.0391917238682004,0,0,0,0.2019437268824996,0,0.2225759783988609,0,0.0262979058948007,0,MYPOP,LogisticRegression,mono,3104,-0.0262979058948007,-0.769274897390201
784,65,0.9809070382749469,0,0.9813347642734316,0,0.8480346537729678,0,0.9905628716570164,0,0,0,0.9906704477656124,0,0,0,0.8754225942451461,0,0,0,0.7566969053863184,0,0,0,0.7726314179952309,0,0,0,0.4054154564119229,0,0,0,0.5084304403006876,0,0.5193862874106433,0,0.2951479175317812,0,ZNF646,LogisticRegression,mono,7580,-0.2951479175317812,-0.8480346537729678
792,20,0.9884128341841038,0,0.973261970988654,0,0.6819385869565218,0,0.9922315770632758,0,0,0,0.979110589536281,0,0,0,0.6886777882797731,0,0,0,0.9352928854811648,0,0,0,0.9258841523432764,0,0,0,0.2901816894162281,0,0,0,0.9137068691977476,0,0.9160690129660954,0,0.2567560416333274,0,ZNF596,LogisticRegression,mono,421,-0.2567560416333274,-0.6819385869565218
800,20,0.8293615894370214,0,0.8307152305347364,0,0.4973885901107786,0,0.8880744022202034,0,0,0,0.8820506673775592,0,0,0,0.5934173362353675,0,0,0,0.3155740409711856,0,0,0,0.2990411925669025,0,0,0,0.0177775361397313,0,0,0,0.18114872282504,0,0.1707574066895087,0,0.0118018267116352,0,NR1H4,LogisticRegression,mono,701,-0.0118018267116352,-0.4973885901107786
808,25,0.8337570075182739,0,0.8519711729151497,0,0.7898473668866416,0,0.889568889917931,0,0,0,0.9015353922839672,0,0,0,0.8350300720201784,0,0,0,0.5395320105371549,0,0,0,0.5659951639123199,0,0,0,0.1429718234793723,0,0,0,0.5602767735356864,0,0.5881345253143023,0,0.1162402444741746,0,ZNF606,LogisticRegression,mono,822,-0.1162402444741746,-0.7898473668866416
816,28,0.9921653911347534,0,0.9922914035603372,0,0.8367786959961084,0,0.993063182249624,0,0,0,0.9932451265204434,0,0,0,0.7971549527214168,0,0,0,0.7861141887318289,0,0,0,0.7758848780187904,0,0,0,0.1287590923555605,0,0,0,0.7466017445642757,0,0.734008748429828,0,0.1175230844660535,0,USF3,LogisticRegression,mono,8754,-0.1175230844660535,-0.8367786959961084
824,20,0.8432945782827211,0,0.8318856327158194,0,0.6547975980394724,0,0.930151129208561,0,0,0,0.9250729631830878,0,0,0,0.7188680492645403,0,0,0,0.1685061534716917,0,0,0,0.1535047821009939,0,0,0,0.0254560895049548,0,0,0,0.0542172827196382,0,0.0507901413593657,0,0.0174040068068603,0,SP140,LogisticRegression,mono,2603,-0.0174040068068603,-0.6547975980394724
832,20,0.9849804604230316,0,0.9840838808655622,0,0.9614193810682744,0,0.9878132310269194,0,0,0,0.9867083594250988,0,0,0,0.9648219866672088,0,0,0,0.6359673561058415,0,0,0,0.6476507200543161,0,0,0,0.5222347164689982,0,0,0,0.5799754390379871,0,0.5974437289753682,0,0.4755401886029211,0,ZIM3,LogisticRegression,mono,6791,-0.4755401886029211,-0.9614193810682744
840,35,0.9417581244661836,0,0.941599027522615,0,0.9137220682951358,0,0.9535832153800772,0,0,0,0.947336982340498,0,0,0,0.8978633683829864,0,0,0,0.6056129017310223,0,0,0,0.6288908690378842,0,0,0,0.2550497567214085,0,0,0,0.535101006025292,0,0.5585781192911883,0,0.2131844472709247,0,CGGBP1,LogisticRegression,mono,1147,-0.2131844472709247,-0.9137220682951358
848,41,0.9694111909199422,0,0.9704381534359812,0,0.8753721410122349,0,0.9686316001088936,0,0,0,0.9698770917200108,0,0,0,0.8613280199680352,0,0,0,0.8609769614563507,0,0,0,0.8643857968700923,0,0,0,0.49568711654597,0,0,0,0.8515303803370636,0,0.8563513520502728,0,0.4937874494347056,0,ZBTB47,LogisticRegression,mono,4136,-0.4937874494347056,-0.8753721410122349
856,20,0.9806099875897516,0,0.981028297378411,0,0.8729310128745192,0,0.9859967679908545,0,0,0,0.985861334217947,0,0,0,0.8770203410218153,0,0,0,0.6511162235409436,0,0,0,0.6601925571118636,0,0,0,0.141464510821978,0,0,0,0.4830328258121554,0,0.4765719485674535,0,0.0903433585004207,0,ZNF18,LogisticRegression,mono,4663,-0.0903433585004207,-0.8729310128745192
864,38,0.9431513609272072,0,0.9405021785506548,0,0.8345578698192803,0,0.948570738604807,0,0,0,0.9448675272579884,0,0,0,0.8325520792001571,0,0,0,0.3440431056825541,0,0,0,0.3447889410846688,0,0,0,0.1064319366973867,0,0,0,0.2956705946852499,0,0.2947477385904859,0,0.0847339390056114,0,ZBED2,LogisticRegression,mono,1608,-0.0847339390056114,-0.8345578698192803
872,39,0.9734271941282135,0,0.9759649828213138,0,0.979543020940464,0,0.986658934929896,0,0,0,0.9874912815721728,0,0,0,0.9835023408619286,0,0,0,0.6900723232283271,0,0,0,0.6979086248810206,0,0,0,0.768570994470743,0,0,0,0.4951743050132172,0,0.5100933424017495,0,0.5161610307581743,0,ZNF865,LogisticRegression,mono,11323,-0.5161610307581743,-0.979543020940464
880,20,0.8150965391340814,0,0.7705659472489123,0,0.4695706354554448,0,0.844348945158231,0,0,0,0.8169459513875683,0,0,0,0.5224673242286024,0,0,0,0.2760102704405424,0,0,0,0.2567997528337459,0,0,0,0.0118306832890067,0,0,0,0.1951556507120089,0,0.1968605740461367,0,0.0108151586837686,0,ZNF66,LogisticRegression,mono,598,-0.0108151586837686,-0.4695706354554448
888,35,0.8592511386059909,0,0.8474228175755013,0,0.5571504049925752,0,0.9368858074049136,0,0,0,0.9286416996550992,0,0,0,0.6537722168093764,0,0,0,0.5134406322748658,0,0,0,0.4771664986149758,0,0,0,0.072405144384944,0,0,0,0.4028690204712526,0,0.4308497812457544,0,0.0883369147108642,0,ZNF699,LogisticRegression,mono,617,-0.0883369147108642,-0.5571504049925752
896,20,0.9056441857874804,0,0.8920057577450264,0,0.8729084887518695,0,0.9259048340387614,0,0,0,0.9186880783336407,0,0,0,0.8220106223863741,0,0,0,0.7261086053926993,0,0,0,0.7255502526155563,0,0,0,0.6251238312664521,0,0,0,0.7157675400661199,0,0.7134267700944116,0,0.6274561288770057,0,ZNF696,LogisticRegression,mono,629,-0.6274561288770057,-0.8729084887518695
904,26,0.7266413633551789,0,0.7240233646789563,0,0.7933032856229436,0,0.7530928219521089,0,0,0,0.7477055572081203,0,0,0,0.7979143150749213,0,0,0,0.1765877778039004,0,0,0,0.2019662073950583,0,0,0,0.2982498980627313,0,0,0,0.1335505342283297,0,0.1632649427745463,0,0.1903834698696267,0,ZNF665,LogisticRegression,mono,3783,-0.1903834698696267,-0.7933032856229436
912,38,0.9458670190858766,0,0.9489902294825898,0,0.8241617334546175,0,0.940132003440008,0,0,0,0.9447037453754203,0,0,0,0.8768397748298481,0,0,0,0.630568839743358,0,0,0,0.6486249655351464,0,0,0,0.3145345402885187,0,0,0,0.6560940325247445,0,0.6726760796689836,0,0.3188791739048011,0,ZNF518B,LogisticRegression,mono,6451,-0.3188791739048011,-0.8241617334546175
920,20,0.8553906775432688,0,0.8585637011202021,0,0.9280020875632704,0,0.8708995464224438,0,0,0,0.8724750515163415,0,0,0,0.9298126912408132,0,0,0,0.4325933711681486,0,0,0,0.4559392587568681,0,0,0,0.6621455211929452,0,0,0,0.3794982456718526,0,0.4033267153028009,0,0.6095091631168015,0,ZNF678,LogisticRegression,mono,994,-0.6095091631168015,-0.9280020875632704
928,25,0.9549841619036348,0,0.9569957879149588,0,0.7919016126853068,0,0.9572624008362418,0,0,0,0.9595099179091028,0,0,0,0.7797750684931507,0,0,0,0.5856201885816772,0,0,0,0.583901384334314,0,0,0,0.2091193547328274,0,0,0,0.5633154102689979,0,0.5589305086564841,0,0.1959933758985739,0,ZNF732,LogisticRegression,mono,2980,-0.1959933758985739,-0.7919016126853068
936,20,0.8756647770092923,0,0.8721024260204902,0,0.5833882643930102,0,0.9051404249315974,0,0,0,0.8932180416736647,0,0,0,0.5949285125379558,0,0,0,0.6177251969932368,0,0,0,0.5597017226179424,0,0,0,0.2108102937528358,0,0,0,0.3831363755809082,0,0.3592054272693175,0,0.1904837512058533,0,ZNF772,LogisticRegression,mono,529,-0.1904837512058533,-0.5833882643930102
944,55,0.922660383897644,0,0.9240540427946689,0,0.8547767215931645,0,0.9535350084744716,0,0,0,0.9535597653581844,0,0,0,0.8813774075090334,0,0,0,0.4747116370186531,0,0,0,0.474346370836529,0,0,0,0.2303144268869079,0,0,0,0.3657200869236693,0,0.3185919913036846,0,0.1454028692636028,0,ZNF721,LogisticRegression,mono,9800,-0.1454028692636028,-0.8547767215931645
952,20,0.9018858623721596,0,0.8880778668832148,0,0.7655231774567778,0,0.9155919015225136,0,0,0,0.9042144251517286,0,0,0,0.7370090622686148,0,0,0,0.5812018803208782,0,0,0,0.5805585166007461,0,0,0,0.0589016498694291,0,0,0,0.5489080082169094,0,0.5490903687668983,0,0.0627892648411336,0,ZNF676,LogisticRegression,mono,751,-0.0627892648411336,-0.7655231774567778
960,20,0.8730597931131544,0,0.8755896039281998,0,0.705323978045083,0,0.8932442648714579,0,0,0,0.8904611017169615,0,0,0,0.711424185526925,0,0,0,0.3085357134451734,0,0,0,0.3210799680986232,0,0,0,0.030557669843229,0,0,0,0.2079834585993707,0,0.2256240663689034,0,0.0271432928027422,0,ZNF70,LogisticRegression,mono,1240,-0.0271432928027422,-0.705323978045083
968,48,0.8764292839003428,0,0.8849135465586939,0,0.8204416325219048,0,0.9026183742453034,0,0,0,0.9082033499805447,0,0,0,0.8421385420665687,0,0,0,0.5277260140020884,0,0,0,0.5588055863493322,0,0,0,0.417088158242328,0,0,0,0.492214648741447,0,0.5276358765933401,0,0.3871261250908788,0,ZNF724,LogisticRegression,mono,4201,-0.3871261250908788,-0.8204416325219048
976,20,0.9547919678005437,0,0.9629510068007664,0,0.8878381135994688,0,0.9539350858688028,0,0,0,0.9625988427940536,0,0,0,0.888401527126754,0,0,0,0.7619892751709928,0,0,0,0.7898949755961164,0,0,0,0.4316486108523206,0,0,0,0.6865164768993198,0,0.7278816228297947,0,0.4093483145927756,0,ZNF575,LogisticRegression,mono,1153,-0.4093483145927756,-0.8878381135994688
984,30,0.895386671766248,0,0.8929888493015906,0,0.9524455192141216,0,0.9423356082246688,0,0,0,0.9404718083361904,0,0,0,0.9909499792991832,0,0,0,0.7421603279538603,0,0,0,0.7350716098750473,0,0,0,0.8939558186072084,0,0,0,0.5618754085949764,0,0.5587472402129148,0,0.777220929104036,0,ZNF814,LogisticRegression,mono,1036,-0.777220929104036,-0.9524455192141216
992,29,0.8973786140170656,0,0.8938568721861047,0,0.5949733072046789,0,0.9354273864528004,0,0,0,0.930641014426128,0,0,0,0.5557706479122636,0,0,0,0.5895259089051403,0,0,0,0.5628249447721018,0,0,0,0.0522438303083297,0,0,0,0.4836004612393144,0,0.4820660502719299,0,0.0521103888684318,0,ZNF551,LogisticRegression,mono,733,-0.0521103888684318,-0.5949733072046789
1000,20,0.8945938396457135,0,0.886807572596633,0,0.8342009596717173,0,0.8984807265847048,0,0,0,0.8906669244241143,0,0,0,0.8348800072752914,0,0,0,0.4940419198505638,0,0,0,0.5106495893434042,0,0,0,0.4209302747004408,0,0,0,0.4721198979674857,0,0.4883299174800639,0,0.3837492949498577,0,ZNF689,LogisticRegression,mono,2213,-0.3837492949498577,-0.8342009596717173
1008,39,0.9216069569724156,0,0.916904159822624,0,0.8259197316569713,0,0.9400314281530898,0,0,0,0.9363870521098482,0,0,0,0.8626280728091574,0,0,0,0.5555816674156983,0,0,0,0.5552841735872704,0,0,0,0.4171777133508843,0,0,0,0.4061446751999397,0,0.4022245052700852,0,0.305105235767557,0,ZNF672,LogisticRegression,mono,2866,-0.305105235767557,-0.8259197316569713
1016,20,0.9325238473000912,0,0.9391061155086426,0,0.6882556524806553,0,0.947725536833741,0,0,0,0.9497141819314836,0,0,0,0.6962140133431408,0,0,0,0.5819509932655964,0,0,0,0.6151797656249264,0,0,0,0.1966812219617418,0,0,0,0.5166798602401966,0,0.5596419353586867,0,0.1836817418318869,0,ZNF850,LogisticRegression,mono,2836,-0.1836817418318869,-0.6882556524806553
1024,36,0.9005488526560267,0,0.890323923532562,0,0.8009942136680056,0,0.9450863819923916,0,0,0,0.9204513104157964,0,0,0,0.8386949648160834,0,0,0,0.3116903525844592,0,0,0,0.3051738118724541,0,0,0,0.0916259160513007,0,0,0,0.1532828476137498,0,0.1512365693567747,0,0.0159673371565575,0,ZNF800,LogisticRegression,mono,4053,-0.0159673371565575,-0.8009942136680056
1032,20,0.847777125,0,0.7717215247790901,0,0.5650270992510068,0,0.92269375,0,0,0,0.8907949898481512,0,0,0,0.6851872482968874,0,0,0,0.6108055560459406,0,0,0,0.5462568331328306,0,0,0,0.2042954312056187,0,0,0,0.2467103973032492,0,0.2127195060207761,0,0.0155164990450916,0,ZNF773,LogisticRegression,mono,187,-0.0155164990450916,-0.5650270992510068
1040,22,0.9618868782192156,0,0.9627027739817448,0,0.5903389947400925,0,0.960606807625222,0,0,0,0.9607495450883008,0,0,0,0.5857082757930795,0,0,0,0.5626882827953937,0,0,0,0.5662861886445165,0,0,0,0.0423922956308883,0,0,0,0.5433500813576917,0,0.5486120642549891,0,0.045526090047752,0,MGA,LogisticRegression,mono,2556,-0.045526090047752,-0.5903389947400925
1048,20,0.8900221167788491,0,0.8984022168784778,0,0.8545896670680003,0,0.9288124643846516,0,0,0,0.9342094677334416,0,0,0,0.8062874150185328,0,0,0,0.6273458859798139,0,0,0,0.6199866633541176,0,0,0,0.1594676224777862,0,0,0,0.4617326530992786,0,0.543473535990949,0,0.2014932162783863,0,ZNF623,LogisticRegression,mono,397,-0.2014932162783863,-0.8545896670680003
1056,22,0.8666505278406519,0,0.8710272014709192,0,0.7722171321491769,0,0.8865938542326844,0,0,0,0.8840902158976103,0,0,0,0.7679111470847384,0,0,0,0.3965510335061678,0,0,0,0.3779134659828294,0,0,0,0.0637579009881799,0,0,0,0.3362897352703811,0,0.3331657665086505,0,0.0473341902140332,0,TTF1,LogisticRegression,mono,914,-0.0473341902140332,-0.7722171321491769
1064,20,0.9618419479497964,0,0.9616503104470436,0,0.9816278876170657,0,0.9631438357101328,0,0,0,0.9628884163195,0,0,0,0.9820903225806452,0,0,0,0.6555986756831446,0,0,0,0.6522681037529743,0,0,0,0.7220167907213992,0,0,0,0.6255100827366316,0,0.6185060962391433,0,0.7290207032701129,0,ZNF286B,LogisticRegression,mono,3160,-0.7290207032701129,-0.9816278876170657
1072,20,0.8871434970826876,0,0.8916771357625207,0,0.6120314644917187,0,0.928599929454614,0,0,0,0.9333209556922863,0,0,0,0.6926094002379697,0,0,0,0.4575851519627026,0,0,0,0.4592417353015159,0,0,0,0.0489371827503304,0,0,0,0.2936626597863617,0,0.2515175337965716,0,0.0415900961498666,0,ZNF700,LogisticRegression,mono,1222,-0.0415900961498666,-0.6120314644917187
1080,20,0.9409335946627926,0,0.9496343160850034,0,0.8119041789703916,0,0.9467363031985284,0,0,0,0.9519767929792412,0,0,0,0.837465426338193,0,0,0,0.5191184640558945,0,0,0,0.5548332350559831,0,0,0,0.0736097164712873,0,0,0,0.372231665625073,0,0.4199458515111783,0,0.0544364226956717,0,ZNF746,LogisticRegression,mono,2011,-0.0544364226956717,-0.8119041789703916
1088,24,0.7309084795321638,0,0.7670535807334385,0,0.6286523399377656,0,0.8038367728531856,0,0,0,0.8367957993832045,0,0,0,0.7252769879610027,0,0,0,0.3596085592836791,0,0,0,0.4145049553543064,0,0,0,0.1384980755645817,0,0,0,0.2246592989695485,0,0.2629538146272153,0,0.1110997992053422,0,ZNF728,LogisticRegression,mono,1018,-0.1110997992053422,-0.6286523399377656
1096,40,0.8102586698012842,0,0.8097278225735624,0,0.601021391418884,0,0.8850388125470582,0,0,0,0.8966229082191521,0,0,0,0.6949133971453346,0,0,0,0.2738272625059979,0,0,0,0.2836308579510286,0,0,0,0.0350445052119017,0,0,0,0.1766894698955329,0,0.1930848889058982,0,0.1011699822593324,0,ZNF845,LogisticRegression,mono,2386,-0.1011699822593324,-0.601021391418884
1104,29,0.9589921664975344,0,0.9566131568553704,0,0.8163544139411137,0,0.959958144172052,0,0,0,0.9606568475132762,0,0,0,0.8413747370018847,0,0,0,0.5512099968271278,0,0,0,0.5425029214022605,0,0,0,0.1274679027754275,0,0,0,0.4800208595191748,0,0.4480297347784769,0,0.1231356993578871,0,ZNF683,LogisticRegression,mono,977,-0.1231356993578871,-0.8163544139411137
1112,20,0.9634098099505788,0,0.96390686504318,0,0.9134500761819082,0,0.9681244395557131,0,0,0,0.9685434524221992,0,0,0,0.9199670992132112,0,0,0,0.3302720575554538,0,0,0,0.3385949282800877,0,0,0,0.1852969784096235,0,0,0,0.2708447402775549,0,0.2783815296083854,0,0.1784671470088169,0,ZNF775,LogisticRegression,mono,5108,-0.1784671470088169,-0.9134500761819082
1120,20,0.888161767172578,0,0.885390946137273,0,0.7515272360757881,0,0.9334959698437174,0,0,0,0.9245714299784544,0,0,0,0.7855405208980508,0,0,0,0.3964083129627709,0,0,0,0.4039370668073023,0,0,0,0.2113900800569182,0,0,0,0.2980071829125565,0,0.3023732283376351,0,0.1879671973529298,0,ZNF57,LogisticRegression,mono,1425,-0.1879671973529298,-0.7515272360757881
1128,47,0.8058654729712056,0,0.8073774810616172,0,0.7628570471623343,0,0.9094124825180214,0,0,0,0.9031177371584928,0,0,0,0.7996029163582803,0,0,0,0.4330572186799793,0,0,0,0.4399558119034103,0,0,0,0.3480472302974993,0,0,0,0.2608933350852248,0,0.2637112215344336,0,0.2764826940471994,0,ZNF836,LogisticRegression,mono,4142,-0.2764826940471994,-0.7628570471623343
