,Count,roc_auc_train_H_PWM,roc_auc_train_H_PWM_di,roc_auc_test_H_PWM,roc_auc_test_H_PWM_di,roc_auc_test_M_PWM,roc_auc_test_M_PWM_di,roc_auc_train_H,mean_auc_train_H,median_auc_train_H,std_auc_train_H,roc_auc_test_H,mean_auc_test_H,median_auc_test_H,std_auc_test_H,roc_auc_test_M,mean_auc_test_M,median_auc_test_M,std_auc_test_M,pr_auc_train_H,mean_pr_auc_train_H,median_pr_auc_train_H,std_pr_auc_train_H,pr_auc_test_H,mean_pr_auc_test_H,median_pr_auc_test_H,std_pr_auc_test_H,pr_auc_test_M,mean_pr_auc_test_M,median_pr_auc_test_M,std_pr_auc_test_M,pr_auc_train_H_PWM,pr_auc_train_H_PWM_di,pr_auc_test_H_PWM,pr_auc_test_H_PWM_di,pr_auc_test_M_PWM,pr_auc_test_M_PWM_di,TF_name,Model,PWM,Seq_count,PR_delta_M,ROC_delta_M
0,34,0.757104507742292,0,0.7578508606971778,0,0.9381168731249064,0,0.7720895857753499,0,0,0,0.7732454083586392,0,0,0,0.9345596983186026,0,0,0,0.0386430913079266,0,0,0,0.0375891230405777,0,0,0,0.1108133792346857,0,0,0,0.0354216412120902,0,0.0335157907709824,0,0.1131349572159646,0,LEUTX,LogisticRegression,mono,,-0.1131349572159646,-0.9381168731249064
1,28,0.8994780609377382,0,0.9003453971712362,0,0.8510330373107092,0,0.9547242850746837,0,0,0,0.9545139247683728,0,0,0,0.9266951749168776,0,0,0,0.4106904969627574,0,0,0,0.423609988585595,0,0,0,0.2535761632620194,0,0,0,0.1810712090228823,0,0.1858181262071431,0,0.1214462630341459,0,FBXL19,LogisticRegression,mono,5258.0,-0.1214462630341459,-0.8510330373107092
9,42,0.8136210230207166,0,0.8106163828418665,0,0.8362578446455665,0,0.8282380655310149,0,0,0,0.8231308610900814,0,0,0,0.8273027957856316,0,0,0,0.121441624619574,0,0,0,0.1206298212321695,0,0,0,0.1199427963853133,0,0,0,0.0828406628878511,0,0.0827745586985445,0,0.1452441000512668,0,ZBED5,LogisticRegression,mono,,-0.1452441000512668,-0.8362578446455665
10,38,0.8444495560609147,0,0.8391806092143733,0,0.8396080018066168,0,0.8536464182077002,0,0,0,0.8488458733421164,0,0,0,0.8305073581994052,0,0,0,0.1996360391897344,0,0,0,0.1879235102580088,0,0,0,0.5372695939179388,0,0,0,0.1804497688597017,0,0.1719199304877075,0,0.3719594326528952,0,ZFAT,LogisticRegression,mono,12101.0,-0.3719594326528952,-0.8396080018066168
18,25,0.7238499775352232,0,0.7036182074196068,0,0.7690622250401118,0,0.7612821994912533,0,0,0,0.7425767670908943,0,0,0,0.7775934216655453,0,0,0,0.0649963804437582,0,0,0,0.0520526853435872,0,0,0,0.4181082343908471,0,0,0,0.0610840872448309,0,0.0449741167299677,0,0.6380353874258613,0,ZSCAN2,LogisticRegression,mono,,-0.6380353874258613,-0.7690622250401118
19,26,0.7103722248199786,0,0.720507329404913,0,0.9771806825128008,0,0.7168822887100132,0,0,0,0.7257846143261052,0,0,0,0.9856197650789912,0,0,0,0.0523935536344546,0,0,0,0.0537946054724118,0,0,0,0.6413493187130773,0,0,0,0.0505394202597838,0,0.0520742641611325,0,0.693170493618825,0,LEF1,LogisticRegression,mono,12304.0,-0.693170493618825,-0.9771806825128008
27,23,0.8880693944449531,0,0.8791291531831726,0,0.9708840930851064,0,0.9028592236899338,0,0,0,0.8934627296221614,0,0,0,0.976254431133996,0,0,0,0.0929380789192461,0,0,0,0.0879809730328904,0,0,0,0.4238702442693036,0,0,0,0.0700461422880681,0,0.0701022203217935,0,0.3567919157604777,0,ZNF395,LogisticRegression,mono,,-0.3567919157604777,-0.9708840930851064
28,22,0.942862531061362,0,0.944355925695558,0,0.9074127761689053,0,0.9465459865973076,0,0,0,0.9483153109350382,0,0,0,0.9163005316179802,0,0,0,0.4149864730887125,0,0,0,0.4359831109434242,0,0,0,0.2140377858078212,0,0,0,0.3998731455377198,0,0.4179926477788004,0,0.2229438907471569,0,ZFTA,LogisticRegression,mono,29213.0,-0.2229438907471569,-0.9074127761689053
36,25,0.9070199268140527,0,0.9105316250244428,0,0.8996819590843265,0,0.910581182610503,0,0,0,0.9161689393201572,0,0,0,0.8976025718164601,0,0,0,0.2382539429974456,0,0,0,0.2414270973409031,0,0,0,0.4771101246568012,0,0,0,0.2301789566061231,0,0.233201050113546,0,0.4863440377664903,0,FOSL2,LogisticRegression,mono,,-0.4863440377664903,-0.8996819590843265
37,26,0.7342320884584986,0,0.768749654711517,0,0.7574074501067775,0,0.7972930686535554,0,0,0,0.8228945422143017,0,0,0,0.842273707013562,0,0,0,0.381037629209045,0,0,0,0.4022920561256956,0,0,0,0.2252064688094337,0,0,0,0.3138551966322302,0,0.3131116050341044,0,0.1843015078021187,0,ZNF226,LogisticRegression,mono,,-0.1843015078021187,-0.7574074501067775
38,20,0.8344088474477789,0,0.8426164650430484,0,0.8480932950365331,0,0.8714268590040855,0,0,0,0.8849345553651148,0,0,0,0.8720901526832955,0,0,0,0.3119943109467204,0,0,0,0.3240395310928565,0,0,0,0.2931454240424148,0,0,0,0.2661962839495493,0,0.2651012536277861,0,0.2467411832525042,0,ZNF407,LogisticRegression,mono,,-0.2467411832525042,-0.8480932950365331
39,20,0.8967304429638012,0,0.9008046649853042,0,0.8980031908850947,0,0.9008595847707233,0,0,0,0.9090088709658596,0,0,0,0.9005070333121722,0,0,0,0.5654698497551254,0,0,0,0.5668385559085514,0,0,0,0.6975949221827517,0,0,0,0.4881669958715807,0,0.4827935720163311,0,0.650785783899924,0,ZNF260,LogisticRegression,mono,,-0.650785783899924,-0.8980031908850947
40,24,0.7738421195515902,0,0.7693511552107567,0,0.869587851125245,0,0.827313775780799,0,0,0,0.8212542526469211,0,0,0,0.7725201302455103,0,0,0,0.1211819767011232,0,0,0,0.1166944990993883,0,0,0,0.0730795880733281,0,0,0,0.0740712175255814,0,0.0724104030112948,0,0.0060535973470414,0,DNTTIP1,LogisticRegression,mono,,-0.0060535973470414,-0.869587851125245
41,28,0.8124372627296406,0,0.8146401707447745,0,0.8380834768648607,0,0.8163065229614204,0,0,0,0.8168618015178406,0,0,0,0.8261669105735338,0,0,0,0.1156915431734021,0,0,0,0.1220433402365031,0,0,0,0.4954426704177206,0,0,0,0.1304286017462729,0,0.1414996347933989,0,0.5980403518975366,0,JRK,LogisticRegression,mono,,-0.5980403518975366,-0.8380834768648607
42,30,0.85270864173643,0,0.8553599684776386,0,0.916103093118704,0,0.9148864403728856,0,0,0,0.9163534480785084,0,0,0,0.9084832000028116,0,0,0,0.3319329145565972,0,0,0,0.3400126000436374,0,0,0,0.2474948947739122,0,0,0,0.2516671571370378,0,0.2697078935908337,0,0.1256699896038753,0,ZNF471,LogisticRegression,mono,,-0.1256699896038753,-0.916103093118704
43,38,0.7599692599905523,0,0.7573461910933285,0,0.7471705591649855,0,0.8370081531243903,0,0,0,0.8324389116756119,0,0,0,0.757697251641549,0,0,0,0.1071396008702482,0,0,0,0.1117599701178051,0,0,0,0.0405382894799087,0,0,0,0.0544490181422074,0,0.0623994903061602,0,0.0153100999328098,0,ZBTB8A,LogisticRegression,mono,,-0.0153100999328098,-0.7471705591649855
44,25,0.891643577867023,0,0.8963414218145023,0,0.8914853002872528,0,0.8991860575523389,0,0,0,0.9030502663037244,0,0,0,0.8888825648226262,0,0,0,0.4433003943973101,0,0,0,0.456799253027735,0,0,0,0.5835683621319107,0,0,0,0.3773454854730654,0,0.3968373494579515,0,0.5497666009041856,0,ZNF251,LogisticRegression,mono,,-0.5497666009041856,-0.8914853002872528
45,34,0.8956597741610302,0,0.9301013734863744,0,0.9131084034663016,0,0.9097703807882414,0,0,0,0.9395620192191028,0,0,0,0.9346176634958012,0,0,0,0.6806989328543909,0,0,0,0.744231088749266,0,0,0,0.3438203097059075,0,0,0,0.6562780116953343,0,0.7328396170532746,0,0.3462143555565962,0,ZNF493,LogisticRegression,mono,,-0.3462143555565962,-0.9131084034663016
46,23,0.7516144202242215,0,0.7431217321349833,0,0.7344159899785563,0,0.7653991753818998,0,0,0,0.7568579748418315,0,0,0,0.7436810831644634,0,0,0,0.0487049298263731,0,0,0,0.0437358477380704,0,0,0,0.1109731944868647,0,0,0,0.0488326776579147,0,0.0544065827843923,0,0.2407346883252122,0,VDR,LogisticRegression,mono,,-0.2407346883252122,-0.7344159899785563
47,20,0.880264405657228,0,0.8869033205569167,0,0.6426613615750297,0,0.90922415653184,0,0,0,0.9069136206534304,0,0,0,0.6525556181063781,0,0,0,0.3877441559097818,0,0,0,0.4482399699221309,0,0,0,0.178255286649547,0,0,0,0.2991891689092597,0,0.3538565827746481,0,0.10937015299072,0,ZNF322,LogisticRegression,mono,,-0.10937015299072,-0.6426613615750297
48,33,0.8072895080601898,0,0.8056741947610191,0,0.9398421843035982,0,0.8374098903495012,0,0,0,0.8348792879617083,0,0,0,0.966144786367056,0,0,0,0.340850645485912,0,0,0,0.348341765277315,0,0,0,0.6971470800054924,0,0,0,0.2151607140428434,0,0.2221743671375643,0,0.4992354148776299,0,NACC2,LogisticRegression,mono,,-0.4992354148776299,-0.9398421843035982
49,25,0.8618025283699793,0,0.8583681521975759,0,0.6501832770595537,0,0.8673543005312229,0,0,0,0.8641825960492197,0,0,0,0.6614258135936912,0,0,0,0.2099754794361047,0,0,0,0.2184899417946385,0,0,0,0.1551638014494696,0,0,0,0.1899166920932206,0,0.1996079034867,0,0.1564102729298251,0,ZNF107,LogisticRegression,mono,,-0.1564102729298251,-0.6501832770595537
50,27,0.7829299134920569,0,0.7717878941402088,0,0.7173716940245946,0,0.8170638383474095,0,0,0,0.8128181577654359,0,0,0,0.7564070060059724,0,0,0,0.0710180130831285,0,0,0,0.0640246936200953,0,0,0,0.0374667220543288,0,0,0,0.0473083084507284,0,0.0391385552024712,0,0.0336967108396755,0,ZNF648,LogisticRegression,mono,,-0.0336967108396755,-0.7173716940245946
51,20,0.6935470863683663,0,0.7373961937716264,0,0.883679232887232,0,0.7776456815816858,0,0,0,0.775685553633218,0,0,0,0.8448313442378194,0,0,0,0.1592170536451976,0,0,0,0.2022370900083263,0,0,0,0.1927500328957177,0,0,0,0.1882569928428164,0,0.2124648771408951,0,0.3446274814933258,0,CAMTA2,LogisticRegression,mono,68.0,-0.3446274814933258,-0.883679232887232
59,29,0.57190309787848,0,0.569831654882908,0,0.7741248192828439,0,0.5913065488112856,0,0,0,0.5905120129121819,0,0,0,0.846732557495739,0,0,0,0.060322766205524,0,0,0,0.0542875818183022,0,0,0,0.470706098789706,0,0,0,0.0478613971906721,0,0.0445985900670379,0,0.3640287134862769,0,ZNF841,LogisticRegression,mono,,-0.3640287134862769,-0.7741248192828439
60,29,0.7786542787076034,0,0.773856005501101,0,0.6384128132410302,0,0.8277893678188037,0,0,0,0.8237268024521796,0,0,0,0.6358041892357306,0,0,0,0.0773477348709439,0,0,0,0.0752227192254426,0,0,0,0.274330060705706,0,0,0,0.0604200790585616,0,0.0586564816479965,0,0.1375392208815863,0,TIGD4,LogisticRegression,mono,,-0.1375392208815863,-0.6384128132410302
61,26,0.7653759609654911,0,0.7870140020205425,0,0.7433710223742328,0,0.7750567052592187,0,0,0,0.7916192561443306,0,0,0,0.7492434117055388,0,0,0,0.2087767587748905,0,0,0,0.2158161645832099,0,0,0,0.2199414744896154,0,0,0,0.2041923485439429,0,0.1937582469562503,0,0.1771337766574151,0,ZNF470,LogisticRegression,mono,,-0.1771337766574151,-0.7433710223742328
62,26,0.7537050378134861,0,0.7603802300868114,0,0.7429386842128173,0,0.7819512900531336,0,0,0,0.7888681915127139,0,0,0,0.7853787326868391,0,0,0,0.0538107970724882,0,0,0,0.0613642473766663,0,0,0,0.122954420629671,0,0,0,0.0566343547145813,0,0.0682289185887047,0,0.1703563154552823,0,ZNF510,LogisticRegression,mono,,-0.1703563154552823,-0.7429386842128173
63,20,0.9465423450603512,0,0.9483273985687504,0,0.8587105280143074,0,0.9635630532287112,0,0,0,0.9651707741687342,0,0,0,0.883641885720443,0,0,0,0.2842580861264653,0,0,0,0.3008714138389968,0,0,0,0.0489914398085305,0,0,0,0.214286290474676,0,0.2283921596378697,0,0.0408551036358716,0,ZNF384,LogisticRegression,mono,,-0.0408551036358716,-0.8587105280143074
64,40,0.8815302484810333,0,0.8658861706232301,0,0.9616412842477404,0,0.8939593756685874,0,0,0,0.8795836805625588,0,0,0,0.97156828556499,0,0,0,0.3534777680008755,0,0,0,0.3361010351407351,0,0,0,0.6995189425454963,0,0,0,0.3078114705528816,0,0.2923485073146477,0,0.6302886314458367,0,CTCF,LogisticRegression,mono,51547.0,-0.6302886314458367,-0.9616412842477404
72,20,0.907876138906938,0,0.8980125976130502,0,0.9457295056113468,0,0.9155852703015932,0,0,0,0.9055855469164148,0,0,0,0.953130565815044,0,0,0,0.4795154609738322,0,0,0,0.4970348213395645,0,0,0,0.8061930010927855,0,0,0,0.4186472546634627,0,0.438204077177741,0,0.75597053050675,0,ZNF134,LogisticRegression,mono,,-0.75597053050675,-0.9457295056113468
73,43,0.8927092424894211,0,0.8728629150502106,0,0.9438793017500812,0,0.9143913812852312,0,0,0,0.8929973953204247,0,0,0,0.9665649341237186,0,0,0,0.4463540337967496,0,0,0,0.4485885106936051,0,0,0,0.5019385217694408,0,0,0,0.3125369946128026,0,0.3116265801823472,0,0.3617171595719241,0,KDM2A,LogisticRegression,mono,,-0.3617171595719241,-0.9438793017500812
74,30,0.8799598126331718,0,0.874455360842353,0,0.8240284072110291,0,0.9015215233227076,0,0,0,0.89592167440803,0,0,0,0.8481721227837051,0,0,0,0.1145399129764741,0,0,0,0.1101621237616519,0,0,0,0.1157570288819665,0,0,0,0.0979326928942601,0,0.0945197046046184,0,0.1137915628297488,0,TPRX1,LogisticRegression,mono,,-0.1137915628297488,-0.8240284072110291
75,21,0.8905086231983705,0,0.893881919457549,0,0.954794017396172,0,0.9080516388709716,0,0,0,0.9108139662398844,0,0,0,0.9676066988063692,0,0,0,0.1758964948158443,0,0,0,0.177929821751802,0,0,0,0.309721157394916,0,0,0,0.1466507950558658,0,0.1490924507908446,0,0.2263522769612098,0,ELF3,LogisticRegression,mono,,-0.2263522769612098,-0.954794017396172
76,26,0.7444850361413525,0,0.7488743590551051,0,0.6957708276966352,0,0.7831703546192558,0,0,0,0.7864041269000667,0,0,0,0.7231596467422995,0,0,0,0.050545272251399,0,0,0,0.0467004367666449,0,0,0,0.0285938310721973,0,0,0,0.0413563926782278,0,0.0383173822190685,0,0.0198872573309304,0,SRY,LogisticRegression,mono,,-0.0198872573309304,-0.6957708276966352
77,23,0.911841120418347,0,0.9079693882320912,0,0.7553237796123385,0,0.9312544645897284,0,0,0,0.9300042188644774,0,0,0,0.8123538472387974,0,0,0,0.3128312871315278,0,0,0,0.32367786801817,0,0,0,0.0652598364019659,0,0,0,0.174688125482499,0,0.1764968626847651,0,0.0369018118785238,0,ZNF131,LogisticRegression,mono,,-0.0369018118785238,-0.7553237796123385
78,30,0.7109144719823636,0,0.7042524306606558,0,0.8020800540545803,0,0.7373455335682756,0,0,0,0.7274157926050534,0,0,0,0.8061078061433545,0,0,0,0.0744554393046045,0,0,0,0.0658194197354214,0,0,0,0.0460672208557901,0,0,0,0.0474511462148331,0,0.0409779035472141,0,0.0285580791920578,0,SALL3,LogisticRegression,mono,,-0.0285580791920578,-0.8020800540545803
79,22,0.7306352802547162,0,0.7276981532961814,0,0.9453119983630376,0,0.7654677163546423,0,0,0,0.7597312740201483,0,0,0,0.95095774987469,0,0,0,0.0584393949662629,0,0,0,0.0581588444430673,0,0,0,0.6078661034663385,0,0,0,0.0527899769029941,0,0.0530070055346919,0,0.5851067342705927,0,PRDM10,LogisticRegression,mono,,-0.5851067342705927,-0.9453119983630376
80,24,0.9090790669298116,0,0.9161519474847836,0,0.9842147238339474,0,0.9150685061454789,0,0,0,0.921975944854024,0,0,0,0.9884773383093136,0,0,0,0.3953300107208344,0,0,0,0.4171828797534774,0,0,0,0.5484164823438017,0,0,0,0.403105008671017,0,0.4301406904430602,0,0.3934662987358136,0,NFKB1,LogisticRegression,mono,16856.0,-0.3934662987358136,-0.9842147238339474
88,23,0.875347173553719,0,0.9182682152559446,0,0.8665580696966856,0,0.8860630743801653,0,0,0,0.9218198467690242,0,0,0,0.9041736366126968,0,0,0,0.5278344669996554,0,0,0,0.6162637551165286,0,0,0,0.2885610572252562,0,0,0,0.5092324852262621,0,0.5879540335361931,0,0.2243337658277938,0,ZNF726,LogisticRegression,mono,,-0.2243337658277938,-0.8665580696966856
89,20,0.773825440677827,0,0.7774430968423834,0,0.8107436312595371,0,0.7912955148151493,0,0,0,0.7983741577487118,0,0,0,0.8517774231499493,0,0,0,0.3383029242003024,0,0,0,0.2843047846619034,0,0,0,0.623025006629459,0,0,0,0.3312169144629054,0,0.3298500125406395,0,0.5537582050502995,0,GLI4,LogisticRegression,mono,,-0.5537582050502995,-0.8107436312595371
90,31,0.8084093842765488,0,0.8083382348320608,0,0.9259762327826916,0,0.8092053512719845,0,0,0,0.8092160136571673,0,0,0,0.9286582729336152,0,0,0,0.3260854255218896,0,0,0,0.3428545850862974,0,0,0,0.5900497814112363,0,0,0,0.3052944936658485,0,0.3211680028484716,0,0.5719932912263672,0,ZNF20,LogisticRegression,mono,,-0.5719932912263672,-0.9259762327826916
91,20,0.7488314970985382,0,0.7562191155472802,0,0.6228754508602253,0,0.7605649490127312,0,0,0,0.7713333095923677,0,0,0,0.58789141051422,0,0,0,0.3462499785075029,0,0,0,0.3394733027714195,0,0,0,0.2467965800077362,0,0,0,0.3080471734622403,0,0.2993328697898457,0,0.2337616544830729,0,ZNF264,LogisticRegression,mono,1086.0,-0.2337616544830729,-0.6228754508602253
99,27,0.92821534405323,0,0.9254060550624916,0,0.9419943622647589,0,0.9416612399121044,0,0,0,0.9413492505598766,0,0,0,0.955689434168255,0,0,0,0.3872145499424835,0,0,0,0.3963676866189574,0,0,0,0.3731547719813481,0,0,0,0.3079797269209856,0,0.3040277885273148,0,0.276376375752178,0,ZNF780B,LogisticRegression,mono,3301.0,-0.276376375752178,-0.9419943622647589
107,28,0.8287351238935223,0,0.8299445460009576,0,0.9229368958813416,0,0.8782043521342552,0,0,0,0.8784957594640416,0,0,0,0.9693032445017044,0,0,0,0.1742096573390076,0,0,0,0.1865787100102384,0,0,0,0.4328075831994745,0,0,0,0.1549355780568551,0,0.1702330272338532,0,0.2776556516646618,0,FLI1,LogisticRegression,mono,,-0.2776556516646618,-0.9229368958813416
108,20,0.8326791168131271,0,0.8226412469320935,0,0.788879089109665,0,0.8626982283979165,0,0,0,0.8487372808360272,0,0,0,0.7905215801811094,0,0,0,0.0837610589651474,0,0,0,0.0833630379439818,0,0,0,0.1173853125940835,0,0,0,0.061523415935543,0,0.0678666624396305,0,0.1405586606418599,0,CAMTA1,LogisticRegression,mono,,-0.1405586606418599,-0.788879089109665
109,20,0.7718302982261595,0,0.7444936049594707,0,0.805794882073685,0,0.9202703557378916,0,0,0,0.918678379333855,0,0,0,0.7523630144282972,0,0,0,0.2497681185552161,0,0,0,0.2228794404592537,0,0,0,0.1816431272246438,0,0,0,0.106090798759689,0,0.1042706638142322,0,0.3498102642503232,0,CREB3L3,LogisticRegression,mono,398.0,-0.3498102642503232,-0.805794882073685
117,32,0.8595221177401283,0,0.8531591825240546,0,0.9024786233171056,0,0.8766348553392747,0,0,0,0.8705796048153042,0,0,0,0.8910383333841816,0,0,0,0.1422303621410009,0,0,0,0.1390868212696481,0,0,0,0.1572052330245429,0,0,0,0.1075305632938271,0,0.1033728913519589,0,0.185132070878295,0,ZSCAN25,LogisticRegression,mono,,-0.185132070878295,-0.9024786233171056
118,23,0.7433548237807048,0,0.7667719182373961,0,0.4590846946022727,0,0.868387255250979,0,0,0,0.8822980490778844,0,0,0,0.3944957184594524,0,0,0,0.372649535745617,0,0,0,0.3768215196169401,0,0,0,0.1281662492918627,0,0,0,0.1747178618840091,0,0.1842707242404046,0,0.0337078243909972,0,ZNF234,LogisticRegression,mono,,-0.0337078243909972,-0.4590846946022727
119,22,0.7767416824245272,0,0.7776793661472415,0,0.9594084704374932,0,0.7858352859750171,0,0,0,0.7884531722166886,0,0,0,0.965905788068325,0,0,0,0.1109721941080735,0,0,0,0.1135946993994367,0,0,0,0.4906986217888396,0,0,0,0.0970406630808909,0,0.0999467307273523,0,0.3402872709926249,0,TIGD3,LogisticRegression,mono,70744.0,-0.3402872709926249,-0.9594084704374932
127,23,0.901266203522243,0,0.8997925146002032,0,0.6971068716049195,0,0.911504400073772,0,0,0,0.9118963515981924,0,0,0,0.7030579280853272,0,0,0,0.3968122472439331,0,0,0,0.4095359922996447,0,0,0,0.0311231303520423,0,0,0,0.2410159672015937,0,0.2415678434930356,0,0.0312113830842752,0,RLF,LogisticRegression,mono,,-0.0312113830842752,-0.6971068716049195
128,20,0.8983206840332837,0,0.8964412671253106,0,0.926187490818874,0,0.904027106658303,0,0,0,0.9024116799401716,0,0,0,0.9367151851153488,0,0,0,0.1705724468454297,0,0,0,0.1611104043754641,0,0,0,0.1273920925263661,0,0,0,0.1483938993828824,0,0.1408636553134874,0,0.1009382678812043,0,ZNF367,LogisticRegression,mono,,-0.1009382678812043,-0.926187490818874
129,23,0.8353566826010841,0,0.8341175551724709,0,0.930765973750108,0,0.8551140705701421,0,0,0,0.8541748516186566,0,0,0,0.9443661805983752,0,0,0,0.0969257294298281,0,0,0,0.0940967339590513,0,0,0,0.4960791935952567,0,0,0,0.0717367044232843,0,0.0699473206175609,0,0.3562873666435165,0,MSANTD1,LogisticRegression,mono,,-0.3562873666435165,-0.930765973750108
130,24,0.7464504202576816,0,0.7657412184704393,0,0.9457705764336082,0,0.7536777651500122,0,0,0,0.7713641575855159,0,0,0,0.9473090148058668,0,0,0,0.2957355437383092,0,0,0,0.3196696747502943,0,0,0,0.8461551210262563,0,0,0,0.2944813029033823,0,0.3174055477337399,0,0.8570553954881335,0,ZBTB40,LogisticRegression,mono,,-0.8570553954881335,-0.9457705764336082
131,30,0.5947052252617028,0,0.600513921163734,0,0.6523128475552026,0,0.6309310754811011,0,0,0,0.6256807387891263,0,0,0,0.7237477624355687,0,0,0,0.0163969618489889,0,0,0,0.0163237829663591,0,0,0,0.0275154719469361,0,0,0,0.0158377557196667,0,0.0164065912049733,0,0.0217842362653197,0,MKX,LogisticRegression,mono,,-0.0217842362653197,-0.6523128475552026
132,37,0.9647407999883024,0,0.9663258808238686,0,0.9267134241347316,0,0.9663622437547236,0,0,0,0.9676431872891004,0,0,0,0.9378146172160852,0,0,0,0.444372015100421,0,0,0,0.4601074734371378,0,0,0,0.1541277170481635,0,0,0,0.4007425160362806,0,0.4169157726288514,0,0.1182265208509778,0,ZNF362,LogisticRegression,mono,80770.0,-0.1182265208509778,-0.9267134241347316
140,23,0.7257732458617195,0,0.7237402204835804,0,0.5291302291810236,0,0.8164531051461483,0,0,0,0.8169420237802167,0,0,0,0.562405187937435,0,0,0,0.0857137720874869,0,0,0,0.0833388447373715,0,0,0,0.0120586635398955,0,0,0,0.0592733736066821,0,0.0585316571651544,0,0.0143493524370825,0,PAX7,LogisticRegression,mono,26424.0,-0.0143493524370825,-0.5291302291810236
148,35,0.8391107997606314,0,0.8398597613145604,0,0.829140559674724,0,0.8738895242181511,0,0,0,0.8752692449691419,0,0,0,0.8832655447539443,0,0,0,0.1340724840055616,0,0,0,0.1332887070038567,0,0,0,0.3024425173942703,0,0,0,0.0769259202379471,0,0.0755087146978017,0,0.2008454773692344,0,ZNF48,LogisticRegression,mono,3301.0,-0.2008454773692344,-0.829140559674724
156,28,0.747778953231579,0,0.7337172642860162,0,0.6664328231292517,0,0.8263702887925412,0,0,0,0.8163207110104241,0,0,0,0.7473263888888889,0,0,0,0.0543755057071352,0,0,0,0.0504094036111522,0,0,0,0.0519628453363123,0,0,0,0.0272806503092713,0,0.0268063416871362,0,0.0261204567389469,0,SP100,LogisticRegression,mono,,-0.0261204567389469,-0.6664328231292517
157,23,0.7845622832170005,0,0.7819615636501527,0,0.8395008151750043,0,0.8212660270241924,0,0,0,0.8182740162580057,0,0,0,0.8636836092758673,0,0,0,0.1254848728921542,0,0,0,0.1167848597086995,0,0,0,0.374240782638696,0,0,0,0.0571129347675192,0,0.0543474443597623,0,0.1888396341975607,0,GABPA,LogisticRegression,mono,,-0.1888396341975607,-0.8395008151750043
158,31,0.7395997765346456,0,0.7412560412039934,0,0.8502477650112586,0,0.7715962910192522,0,0,0,0.7728355857457484,0,0,0,0.8969148337229426,0,0,0,0.1059970742699184,0,0,0,0.1228968470115704,0,0,0,0.3848029420290662,0,0,0,0.0835842847277901,0,0.0968738892984774,0,0.2886565779245769,0,ZNF347,LogisticRegression,mono,,-0.2886565779245769,-0.8502477650112586
159,20,0.8757108012242628,0,0.880253240258611,0,0.7616738678331959,0,0.90855224524614,0,0,0,0.9155438972661276,0,0,0,0.7520580694897631,0,0,0,0.1288263383053396,0,0,0,0.1373927107117949,0,0,0,0.091864029556354,0,0,0,0.0788274769984525,0,0.0883444542775033,0,0.0120231532266426,0,ZNF770,LogisticRegression,mono,,-0.0120231532266426,-0.7616738678331959
160,20,0.9729133062557964,0,0.9511951191110616,0,0.9533824837750136,0,0.971124762815564,0,0,0,0.9482167577582784,0,0,0,0.9511818956192538,0,0,0,0.8836981366382847,0,0,0,0.8652011379516322,0,0,0,0.837971290907128,0,0,0,0.8605807087589095,0,0.8414304991643113,0,0.822442902420256,0,ZNF436,LogisticRegression,mono,,-0.822442902420256,-0.9533824837750136
161,32,0.93723783549079,0,0.944846992122812,0,0.873603752983941,0,0.9528923309905096,0,0,0,0.9595197889947702,0,0,0,0.8752334509955512,0,0,0,0.2844752054812225,0,0,0,0.2947774723934843,0,0,0,0.0882121622466041,0,0,0,0.1799736826416101,0,0.1845103271243424,0,0.1156629051676718,0,SLC2A4RG,LogisticRegression,mono,3836.0,-0.1156629051676718,-0.873603752983941
169,40,0.8407123417595046,0,0.8318441128366528,0,0.8067203097720232,0,0.868324472451322,0,0,0,0.8571241254995223,0,0,0,0.7850890500313532,0,0,0,0.165024704855827,0,0,0,0.1684336544075434,0,0,0,0.0518728233743496,0,0,0,0.1101296906116621,0,0.1120821215544505,0,0.1077282006678176,0,ZBTB41,LogisticRegression,mono,,-0.1077282006678176,-0.8067203097720232
170,21,0.9198842433752786,0,0.9201244291138688,0,0.9674577844450956,0,0.9291004174430018,0,0,0,0.9286434358169018,0,0,0,0.9762014117361076,0,0,0,0.2810180874979271,0,0,0,0.2964677729220354,0,0,0,0.8239461476696676,0,0,0,0.2228243474474873,0,0.2365635071027556,0,0.6420764365759072,0,FIZ1,LogisticRegression,mono,,-0.6420764365759072,-0.9674577844450956
171,20,0.9625299989807296,0,0.9556182686930864,0,0.9442509650134564,0,0.9666964828994226,0,0,0,0.9630850696259792,0,0,0,0.9536374256055364,0,0,0,0.7114203086564275,0,0,0,0.6868208128456826,0,0,0,0.7223440660463138,0,0,0,0.5997514425783043,0,0.6080042096134133,0,0.6057772871372537,0,ZNF250,LogisticRegression,mono,,-0.6057772871372537,-0.9442509650134564
172,28,0.8712808081215029,0,0.860000219018785,0,0.773749169524587,0,0.8986974357572737,0,0,0,0.8866002782264577,0,0,0,0.7988865521762573,0,0,0,0.3936249384711074,0,0,0,0.3987550935118521,0,0,0,0.0500467025477083,0,0,0,0.2283443545356731,0,0.2327901130242426,0,0.0432282122553693,0,CXXC4,LogisticRegression,mono,,-0.0432282122553693,-0.773749169524587
173,20,0.8870989990234375,0,0.8764623407190975,0,0.9413119948917656,0,0.8990929412841797,0,0,0,0.8806286015745475,0,0,0,0.9299940610824262,0,0,0,0.4578639652279565,0,0,0,0.4745171651221702,0,0,0,0.1891334017046655,0,0,0,0.4102016097768519,0,0.4694483492386638,0,0.1281889528036467,0,ZNF233,LogisticRegression,mono,,-0.1281889528036467,-0.9413119948917656
174,32,0.8050545403147856,0,0.815978420368101,0,0.8905348285147392,0,0.8086782470278785,0,0,0,0.8187477060263302,0,0,0,0.8580077239229025,0,0,0,0.2138157303441797,0,0,0,0.2239180963228466,0,0,0,0.1518312442454481,0,0,0,0.1840685131327341,0,0.1888270956768947,0,0.2005824298649801,0,ZNF142,LogisticRegression,mono,,-0.2005824298649801,-0.8905348285147392
175,23,0.8343175882148746,0,0.8296898988539937,0,0.8742575889167753,0,0.8508298078935771,0,0,0,0.8476219703446853,0,0,0,0.914387076819823,0,0,0,0.0769276941651385,0,0,0,0.0755301860449955,0,0,0,0.1090069069112045,0,0,0,0.0559473006187104,0,0.0540902795476338,0,0.0449432276928539,0,MYF6,LogisticRegression,mono,,-0.0449432276928539,-0.8742575889167753
176,25,0.7778010345696218,0,0.7781618905319808,0,0.7729781337023086,0,0.8068459508982219,0,0,0,0.8076372104067701,0,0,0,0.7778526812575135,0,0,0,0.0379489627588815,0,0,0,0.0371834256671782,0,0,0,0.0882722626105318,0,0,0,0.0309295843012515,0,0.0304085915933922,0,0.0606499780788004,0,SOX2,LogisticRegression,mono,35190.0,-0.0606499780788004,-0.7729781337023086
184,25,0.7281886705064629,0,0.719453973326027,0,0.7666116459347395,0,0.7397913556576692,0,0,0,0.7276604856126528,0,0,0,0.7243238507301244,0,0,0,0.0536338163207022,0,0,0,0.0550141849591526,0,0,0,0.1135767182685197,0,0,0,0.0479228541473338,0,0.0469003487296151,0,0.1302003370254911,0,ZNF500,LogisticRegression,mono,,-0.1302003370254911,-0.7666116459347395
185,36,0.8308724405367792,0,0.8487471812902536,0,0.9439066078427444,0,0.9307360873890822,0,0,0,0.9344933715011752,0,0,0,0.9754562860137944,0,0,0,0.287678717116962,0,0,0,0.3267740722232801,0,0,0,0.939030219012275,0,0,0,0.1259673070944142,0,0.1579165560640726,0,0.8182167972638876,0,FLYWCH1,LogisticRegression,mono,,-0.8182167972638876,-0.9439066078427444
186,25,0.8687969804570368,0,0.8753162866078252,0,0.7565028135324189,0,0.8805420538931931,0,0,0,0.8867048093037946,0,0,0,0.7879956421667369,0,0,0,0.1532007506497835,0,0,0,0.1629899372892859,0,0,0,0.0641156276105373,0,0,0,0.1208664736187387,0,0.1303356941219601,0,0.0567106754573035,0,PRDM5,LogisticRegression,mono,38555.0,-0.0567106754573035,-0.7565028135324189
194,23,0.9047749064735991,0,0.9092574922285224,0,0.8737744751000611,0,0.9252222421878314,0,0,0,0.9310277021648764,0,0,0,0.8987561533309015,0,0,0,0.1382068204548306,0,0,0,0.1603821814796511,0,0,0,0.1432636636579061,0,0,0,0.0972809268746002,0,0.1174250998786392,0,0.1022667051540239,0,FAM200B,LogisticRegression,mono,957.0,-0.1022667051540239,-0.8737744751000611
202,27,0.7817459849114429,0,0.7766481934929905,0,0.7678665443017884,0,0.8074375997810396,0,0,0,0.7995404795981892,0,0,0,0.8224876185166069,0,0,0,0.0650271412567434,0,0,0,0.0639096194392184,0,0,0,0.0494887126722502,0,0,0,0.0478866257929483,0,0.0472989806826539,0,0.0395301426518218,0,ZNF831,LogisticRegression,mono,,-0.0395301426518218,-0.7678665443017884
203,21,0.8919495943792345,0,0.8969909938388785,0,0.532772835527692,0,0.9095410324627792,0,0,0,0.9147301959006612,0,0,0,0.5422836118825398,0,0,0,0.2540636083569239,0,0,0,0.2656652430213537,0,0,0,0.0142231297825483,0,0,0,0.1847441726151616,0,0.1917570490813416,0,0.0135353372329354,0,ZBED9,LogisticRegression,mono,,-0.0135353372329354,-0.532772835527692
204,55,0.7995100144579224,0,0.7982063502076492,0,0.915883274039104,0,0.8230896151769351,0,0,0,0.817726685659778,0,0,0,0.907501121645552,0,0,0,0.1267734510583731,0,0,0,0.1230576643662548,0,0,0,0.2394971649984,0,0,0,0.1014451684379431,0,0.0981865499023409,0,0.2254049963789404,0,YY1,LogisticRegression,mono,,-0.2254049963789404,-0.915883274039104
205,34,0.8279910114916428,0,0.8176344691712529,0,0.7737794061808176,0,0.8581206134435425,0,0,0,0.8481986306833563,0,0,0,0.8484491701639675,0,0,0,0.2488795968643956,0,0,0,0.2453458314869659,0,0,0,0.0641037831629458,0,0,0,0.1160877733818803,0,0.1112042675639684,0,0.0323484960371724,0,MAX,LogisticRegression,mono,9289.0,-0.0323484960371724,-0.7737794061808176
213,29,0.7009091048993827,0,0.6970707179530343,0,0.5486824026748469,0,0.7741891943882842,0,0,0,0.7507940745728473,0,0,0,0.5613868842874189,0,0,0,0.0725664211605268,0,0,0,0.053300463588767,0,0,0,0.0163092028750989,0,0,0,0.0418732802303773,0,0.0352893950603427,0,0.0126189819272062,0,ZNF292,LogisticRegression,mono,545.0,-0.0126189819272062,-0.5486824026748469
221,20,0.6761930483417756,0,0.6565853694993622,0,0.8728938448346548,0,0.6948645133812457,0,0,0,0.6805874322385204,0,0,0,0.8793506289626851,0,0,0,0.0974698070899382,0,0,0,0.0638901486572789,0,0,0,0.1855255822193056,0,0,0,0.0860939565239156,0,0.0543840008254752,0,0.1628927104081031,0,RORB,LogisticRegression,mono,,-0.1628927104081031,-0.8728938448346548
222,26,0.8173948521717896,0,0.815954657819001,0,0.7874771471315565,0,0.8483608843441895,0,0,0,0.8448104389327502,0,0,0,0.7946840959477677,0,0,0,0.2872433906937668,0,0,0,0.3034669537521738,0,0,0,0.0576916122875642,0,0,0,0.169492928151554,0,0.1749546011055992,0,0.0360836238199524,0,TET3,LogisticRegression,mono,,-0.0360836238199524,-0.7874771471315565
223,23,0.840980673650605,0,0.8415683179575285,0,0.8441692521140275,0,0.8550149168818049,0,0,0,0.8550902751155348,0,0,0,0.8718531024845217,0,0,0,0.0574785931712154,0,0,0,0.0577426889121446,0,0,0,0.0970714910884987,0,0,0,0.0489927415773687,0,0.049741159004166,0,0.0640259706629828,0,SP140L,LogisticRegression,mono,40773.0,-0.0640259706629828,-0.8441692521140275
231,20,0.9447063235789244,0,0.9263084654662724,0,0.687180718336484,0,0.9557753355845328,0,0,0,0.9360107901101852,0,0,0,0.7712786389413988,0,0,0,0.822348483725978,0,0,0,0.7393926243041167,0,0,0,0.3928259480554095,0,0,0,0.7949432261234772,0,0.6952601782441742,0,0.3060986167103973,0,ZFP3,LogisticRegression,mono,610.0,-0.3060986167103973,-0.687180718336484
239,20,0.7481756969592839,0,0.7480128226099015,0,0.7374600055831917,0,0.8381999676830066,0,0,0,0.8355595196318939,0,0,0,0.8127495486626811,0,0,0,0.1520129730955478,0,0,0,0.146356394635743,0,0,0,0.1283779851545775,0,0,0,0.078464831523534,0,0.0755604036248487,0,0.0808472113352768,0,ZNF43,LogisticRegression,mono,,-0.0808472113352768,-0.7374600055831917
240,20,0.6468410969846782,0,0.6449065808760416,0,0.6206066029703907,0,0.6927452448170928,0,0,0,0.6927434695615219,0,0,0,0.7648318229117396,0,0,0,0.0567604426494397,0,0,0,0.0562583811794676,0,0,0,0.0449999182290003,0,0,0,0.0444246307761549,0,0.0447253626140827,0,0.0879841025573494,0,ZNF35,LogisticRegression,mono,,-0.0879841025573494,-0.6206066029703907
241,21,0.8964816679663313,0,0.8953750664742145,0,0.8704590245278042,0,0.9068053799290544,0,0,0,0.9056881706330072,0,0,0,0.8762873703357155,0,0,0,0.1160400208366062,0,0,0,0.1173247094919184,0,0,0,0.1030290170208345,0,0,0,0.0985823460424457,0,0.1003009116185615,0,0.1081431699888963,0,GCM1,LogisticRegression,mono,,-0.1081431699888963,-0.8704590245278042
242,24,0.8457083161174,0,0.8408284951566678,0,0.8417856996825536,0,0.8507036734067948,0,0,0,0.8463307825011224,0,0,0,0.8687470361877451,0,0,0,0.0786573371735125,0,0,0,0.075951279222977,0,0,0,0.065960617041106,0,0,0,0.0712881822448734,0,0.0690515064021859,0,0.0463046571205803,0,PRDM13,LogisticRegression,mono,,-0.0463046571205803,-0.8417856996825536
243,31,0.6851419493773603,0,0.6930036108288576,0,0.8350425029760364,0,0.7305061390093942,0,0,0,0.7518975903614458,0,0,0,0.9729814398840638,0,0,0,0.1559966792432782,0,0,0,0.1765724763781439,0,0,0,0.6990987823095755,0,0,0,0.1533585840373284,0,0.1651478447945326,0,0.7036722738658787,0,TERF1,LogisticRegression,mono,664.0,-0.7036722738658787,-0.8350425029760364
251,21,0.7956489071781186,0,0.7967845174295488,0,0.6045388815442448,0,0.8012551879371294,0,0,0,0.8013971964321442,0,0,0,0.6218168395996501,0,0,0,0.1452579108266523,0,0,0,0.1485659531681191,0,0,0,0.2027049367008428,0,0,0,0.1512344955474089,0,0.1567368197445342,0,0.3323867855381724,0,RFX5,LogisticRegression,mono,,-0.3323867855381724,-0.6045388815442448
252,26,0.892725589379034,0,0.8913699572450509,0,0.947360133645363,0,0.9036922441383736,0,0,0,0.9027702693672842,0,0,0,0.9555628193677108,0,0,0,0.1337619134461036,0,0,0,0.138145222075,0,0,0,0.4740267325516651,0,0,0,0.1213760728036535,0,0.1260964770289936,0,0.4459689332491338,0,DMTF1,LogisticRegression,mono,14047.0,-0.4459689332491338,-0.947360133645363
260,20,0.8465802543984947,0,0.8500351652557787,0,0.6626769770408163,0,0.8768665618025693,0,0,0,0.8758033323040348,0,0,0,0.7406296835140306,0,0,0,0.1610949134265248,0,0,0,0.16548619986006,0,0,0,0.0476659730010251,0,0,0,0.1106357709229568,0,0.1103028754429603,0,0.0289369382855197,0,ZBTB8B,LogisticRegression,mono,,-0.0289369382855197,-0.6626769770408163
261,24,0.6824891719344343,0,0.6759279563161333,0,0.7906419635816125,0,0.6984874368634172,0,0,0,0.6932814493065896,0,0,0,0.8550905363862672,0,0,0,0.0229947912847321,0,0,0,0.0220473830033087,0,0,0,0.0681939985998919,0,0,0,0.0210495105917451,0,0.0200472680727916,0,0.0379383750076268,0,SOX15,LogisticRegression,mono,,-0.0379383750076268,-0.7906419635816125
262,24,0.7780337373389318,0,0.7771930041102303,0,0.6982536524982345,0,0.7856947288661382,0,0,0,0.7843016571094034,0,0,0,0.7554442563833129,0,0,0,0.0574212830794893,0,0,0,0.0568026211775866,0,0,0,0.0465453722296726,0,0,0,0.0479532629978359,0,0.0478007741089702,0,0.0338776334043399,0,ZNF215,LogisticRegression,mono,,-0.0338776334043399,-0.6982536524982345
263,21,0.7506864436516645,0,0.7622499567478896,0,0.6777027013527576,0,0.7757698680665966,0,0,0,0.7822695365969293,0,0,0,0.6965104682622268,0,0,0,0.0457631351431554,0,0,0,0.0488256755673082,0,0,0,0.0362503939063752,0,0,0,0.0445652441672077,0,0.0494542734414679,0,0.043003044652558,0,BATF2,LogisticRegression,mono,,-0.043003044652558,-0.6777027013527576
264,22,0.8028298250309506,0,0.7971300245568015,0,0.7312331418167993,0,0.8469199060334927,0,0,0,0.8418766459475768,0,0,0,0.7783690786688744,0,0,0,0.1289633294069096,0,0,0,0.1267924989844839,0,0,0,0.1604742016911603,0,0,0,0.1195236980652143,0,0.115445252977985,0,0.1697888343353466,0,ZNF335,LogisticRegression,mono,,-0.1697888343353466,-0.7312331418167993
265,24,0.7834506186427123,0,0.7764910729507634,0,0.9342894410230564,0,0.8089777142545498,0,0,0,0.7940800177627211,0,0,0,0.8582551441563598,0,0,0,0.2116637390574119,0,0,0,0.1987116664498399,0,0,0,0.1129060710639227,0,0,0,0.1112945933458965,0,0.1003952539332857,0,0.0680972685979075,0,MYPOP,LogisticRegression,mono,,-0.0680972685979075,-0.9342894410230564
266,34,0.8612037416311171,0,0.8571785985270818,0,0.959394948082372,0,0.8757469836649826,0,0,0,0.871602218370071,0,0,0,0.9848660313733524,0,0,0,0.4062736275350925,0,0,0,0.3901591903250875,0,0,0,0.5615036638055231,0,0,0,0.3692659839892641,0,0.353077986456325,0,0.4409171397899222,0,ZNF646,LogisticRegression,mono,,-0.4409171397899222,-0.959394948082372
267,20,0.7675262234578543,0,0.7581495274102079,0,0.9818831703725436,0,0.823629793975889,0,0,0,0.7757113894139887,0,0,0,0.9782459476080592,0,0,0,0.3053325236460041,0,0,0,0.3148571397448869,0,0,0,0.8605189058117146,0,0,0,0.2490790393514488,0,0.2508783098111457,0,0.8704353013356453,0,ZNF596,LogisticRegression,mono,,-0.8704353013356453,-0.9818831703725436
268,29,0.7406110804188661,0,0.7422795834538781,0,0.5350367520619617,0,0.7543980475288473,0,0,0,0.7489413399107744,0,0,0,0.6282225921396172,0,0,0,0.1198894330995179,0,0,0,0.1231077828998638,0,0,0,0.0944505818101228,0,0,0,0.1172217269877581,0,0.1386830173942912,0,0.0997612498315878,0,NR1H4,LogisticRegression,mono,,-0.0997612498315878,-0.5350367520619617
269,41,0.9075863112493908,0,0.9099654898929952,0,0.743126794477892,0,0.9199569094240492,0,0,0,0.921957912406268,0,0,0,0.756841097317681,0,0,0,0.4789634300671191,0,0,0,0.4915351293655119,0,0,0,0.4072367861544863,0,0,0,0.4425212855937398,0,0.4413473608403354,0,0.2130945659916913,0,ZNF606,LogisticRegression,mono,,-0.2130945659916913,-0.743126794477892
270,28,0.8486134612912146,0,0.8639873185852643,0,0.985484673242361,0,0.8602765903059445,0,0,0,0.8704408003641051,0,0,0,0.9859522734448644,0,0,0,0.1270816300146914,0,0,0,0.1384041316963117,0,0,0,0.5202835478016933,0,0,0,0.1188964555666253,0,0.1303018152383946,0,0.5365567608199278,0,USF3,LogisticRegression,mono,2814.0,-0.5365567608199278,-0.985484673242361
278,20,0.7422458537364357,0,0.7365304905508224,0,0.7331580806979859,0,0.7640272307519858,0,0,0,0.759645819478554,0,0,0,0.8052227320082961,0,0,0,0.0304163117608774,0,0,0,0.0295367134268989,0,0,0,0.0487522258806174,0,0,0,0.0260094161585695,0,0.0249016149783193,0,0.0491074558499828,0,SP140,LogisticRegression,mono,,-0.0491074558499828,-0.7331580806979859
279,20,0.963751074438539,0,0.963660024178145,0,0.9765288261133512,0,0.9715750357189408,0,0,0,0.9713280469786968,0,0,0,0.9837774808104516,0,0,0,0.563360724721582,0,0,0,0.5658008606316395,0,0,0,0.6128968878043551,0,0,0,0.4642814137408684,0,0.4704699042484835,0,0.5069221345997026,0,ZIM3,LogisticRegression,mono,,-0.5069221345997026,-0.9765288261133512
280,20,0.9349436386938998,0,0.9384230384897532,0,0.8982903126992898,0,0.9495230701151288,0,0,0,0.950492365633109,0,0,0,0.8957893568681881,0,0,0,0.3749354763216143,0,0,0,0.391791279565987,0,0,0,0.4534269628580634,0,0,0,0.3150309820573999,0,0.3290041639321084,0,0.3276570175058816,0,CGGBP1,LogisticRegression,mono,,-0.3276570175058816,-0.8982903126992898
281,40,0.8591555251515853,0,0.8668577097971288,0,0.9537398816215782,0,0.865081974878197,0,0,0,0.8742904742640311,0,0,0,0.9701806427803792,0,0,0,0.4809095028457082,0,0,0,0.4977214932312597,0,0,0,0.8304805127064313,0,0,0,0.4670087070934821,0,0.478078217686141,0,0.8211575534181751,0,ZBTB47,LogisticRegression,mono,,-0.8211575534181751,-0.9537398816215782
282,20,0.882311943757213,0,0.8842939016310155,0,0.9321425403989566,0,0.889980762728331,0,0,0,0.8929864271383997,0,0,0,0.9516116898748316,0,0,0,0.1796078475983332,0,0,0,0.1848659790428301,0,0,0,0.2450343859993125,0,0,0,0.1643070092751594,0,0.1705985062660506,0,0.283324886371043,0,ZNF18,LogisticRegression,mono,,-0.283324886371043,-0.9321425403989566
283,29,0.8366193638598387,0,0.8407167966609606,0,0.9295928434630332,0,0.8488015336666527,0,0,0,0.8501769916555502,0,0,0,0.9309493480204698,0,0,0,0.1052935980656151,0,0,0,0.109971216127547,0,0,0,0.2739028891840862,0,0,0,0.0984480699846689,0,0.1032695612431617,0,0.2736615152836922,0,ZBED2,LogisticRegression,mono,,-0.2736615152836922,-0.9295928434630332
284,29,0.977121702736014,0,0.9794266081623788,0,0.968723407885491,0,0.983483506064383,0,0,0,0.9852648052363372,0,0,0,0.9710795173920816,0,0,0,0.849637928953673,0,0,0,0.865044963596674,0,0,0,0.5333157728787022,0,0,0,0.818042092185792,0,0.8344837494863431,0,0.4575146654988086,0,ZNF865,LogisticRegression,mono,,-0.4575146654988086,-0.968723407885491
285,20,0.6663752366707377,0,0.6705306978467578,0,0.570356511672129,0,0.7166622660825238,0,0,0,0.7258646941706024,0,0,0,0.6017491135445912,0,0,0,0.0375763276590567,0,0,0,0.0372031138029686,0,0,0,0.0183941483110148,0,0,0,0.0258340837400518,0,0.0284626485425275,0,0.0268112355062663,0,ZNF66,LogisticRegression,mono,,-0.0268112355062663,-0.570356511672129
286,30,0.6809435029207653,0,0.687479841977262,0,0.7282022727213027,0,0.7135295943993734,0,0,0,0.7242291024347942,0,0,0,0.7175734260774542,0,0,0,0.0862614807920045,0,0,0,0.0943352099986178,0,0,0,0.3569981345142377,0,0,0,0.0682593873164814,0,0.0815978442639417,0,0.2929861907304893,0,ZNF699,LogisticRegression,mono,2918.0,-0.2929861907304893,-0.7282022727213027
294,28,0.8610704223252486,0,0.8908647477183236,0,0.8843489426020054,0,0.8617371535904355,0,0,0,0.8685171392814627,0,0,0,0.902414967104016,0,0,0,0.5787847917367307,0,0,0,0.656622556641811,0,0,0,0.6576160545909739,0,0,0,0.5652863995603798,0,0.6622039874771328,0,0.5883849128278038,0,ZNF696,LogisticRegression,mono,,-0.5883849128278038,-0.8843489426020054
295,31,0.7550512864842729,0,0.8011764755527858,0,0.698649568177516,0,0.7899232682722587,0,0,0,0.8186356930609843,0,0,0,0.7439948151395047,0,0,0,0.2764713743343888,0,0,0,0.3652827137087414,0,0,0,0.1854830264079026,0,0,0,0.1523995838382311,0,0.2022007545480318,0,0.0595036063395616,0,ZNF665,LogisticRegression,mono,,-0.0595036063395616,-0.698649568177516
296,22,0.8890027428082512,0,0.8931929716798095,0,0.9154445802408584,0,0.8902459958096038,0,0,0,0.8945933628034365,0,0,0,0.9100733351097589,0,0,0,0.3516305872754537,0,0,0,0.3623492084596637,0,0,0,0.6592159916364659,0,0,0,0.342766788368356,0,0.353269241385069,0,0.6431205836315507,0,ZNF518B,LogisticRegression,mono,,-0.6431205836315507,-0.9154445802408584
297,20,0.943467616213152,0,0.9217644199147816,0,0.7702070015667445,0,0.9653068310657597,0,0,0,0.9448691698361406,0,0,0,0.8312136602310036,0,0,0,0.7551830089314312,0,0,0,0.7717978800293128,0,0,0,0.3360200791277238,0,0,0,0.6660335049070152,0,0.6664830618536434,0,0.2302893565769951,0,ZNF678,LogisticRegression,mono,187.0,-0.2302893565769951,-0.7702070015667445
305,28,0.827938979966732,0,0.8396866368924751,0,0.9359687345164632,0,0.8452083061182791,0,0,0,0.8546141471195345,0,0,0,0.9494232759785596,0,0,0,0.2109452070345948,0,0,0,0.2114466123577675,0,0,0,0.4708033431153767,0,0,0,0.1963843594828412,0,0.2024361257716932,0,0.5357449389197961,0,ZNF732,LogisticRegression,mono,,-0.5357449389197961,-0.9359687345164632
306,36,0.7092862532065791,0,0.7343917030304249,0,0.5634533002669373,0,0.8511064584276445,0,0,0,0.8539636831627422,0,0,0,0.465146315229005,0,0,0,0.4250314272024891,0,0,0,0.4368741648152167,0,0,0,0.2355406545860703,0,0,0,0.2017382083466685,0,0.210619873798528,0,0.2426517947094971,0,ZNF772,LogisticRegression,mono,,-0.2426517947094971,-0.5634533002669373
307,31,0.8891338750616736,0,0.8836342922511018,0,0.902914002915452,0,0.9022371160338364,0,0,0,0.8970812752108804,0,0,0,0.9054249061328616,0,0,0,0.2545603151338336,0,0,0,0.2547063230367962,0,0,0,0.3384186275416198,0,0,0,0.2154725383464082,0,0.2059221285623375,0,0.3185657566576441,0,ZNF721,LogisticRegression,mono,,-0.3185657566576441,-0.902914002915452
308,20,0.7928145388502316,0,0.7876371836410114,0,0.7008581367763532,0,0.820022511616769,0,0,0,0.8131772750799517,0,0,0,0.7132026184350737,0,0,0,0.0917253064489696,0,0,0,0.090481120951074,0,0,0,0.4637272754473933,0,0,0,0.0465775767302019,0,0.0462613962978667,0,0.4109316136552977,0,ZNF676,LogisticRegression,mono,5201.0,-0.4109316136552977,-0.7008581367763532
316,21,0.7583112055512095,0,0.7549678680004489,0,0.7362380788241415,0,0.7688628793939158,0,0,0,0.7669296053127037,0,0,0,0.7854437987773154,0,0,0,0.0516106566391277,0,0,0,0.0498729732127323,0,0,0,0.0775663609556715,0,0,0,0.0440821684514869,0,0.0425178145194909,0,0.0392114747656773,0,ZNF70,LogisticRegression,mono,,-0.0392114747656773,-0.7362380788241415
317,25,0.8054935282677392,0,0.8129648289407196,0,0.8722070135419067,0,0.81789118650255,0,0,0,0.8211516965644564,0,0,0,0.8867565089891147,0,0,0,0.3770823634997493,0,0,0,0.3995022709139786,0,0,0,0.5139661672607102,0,0,0,0.3363578579544523,0,0.3567743798263393,0,0.4704223963896727,0,ZNF724,LogisticRegression,mono,,-0.4704223963896727,-0.8722070135419067
318,25,0.8617296198314717,0,0.8812264679635365,0,0.961070588509631,0,0.8671077237479353,0,0,0,0.8937892479799227,0,0,0,0.9613651366885588,0,0,0,0.3879866644210338,0,0,0,0.4421922863846201,0,0,0,0.7538436116003859,0,0,0,0.3502530117773341,0,0.4051256551673131,0,0.6683402877307626,0,ZNF575,LogisticRegression,mono,573.0,-0.6683402877307626,-0.961070588509631
326,20,0.9522684992364292,0,0.9648001430238248,0,0.8218958796082348,0,0.9760030542829377,0,0,0,0.983918852798374,0,0,0,0.9003003085821619,0,0,0,0.865938788367169,0,0,0,0.8961277922491031,0,0,0,0.6263449456240716,0,0,0,0.7936605488198485,0,0.8313495635770726,0,0.564859874754483,0,ZNF814,LogisticRegression,mono,,-0.564859874754483,-0.8218958796082348
327,24,0.6811105925841413,0,0.6757335027573281,0,0.7055189572092486,0,0.7431430640954144,0,0,0,0.7360348936826906,0,0,0,0.7132220090119098,0,0,0,0.073108921298713,0,0,0,0.0744021725710166,0,0,0,0.3703322259296621,0,0,0,0.0484885156103186,0,0.0502673148176634,0,0.3472435887255411,0,ZNF551,LogisticRegression,mono,,-0.3472435887255411,-0.7055189572092486
328,21,0.8205508505955699,0,0.8102220282660267,0,0.7835005203814538,0,0.8345904748432456,0,0,0,0.8249696338869912,0,0,0,0.8410626675261758,0,0,0,0.4940391625229364,0,0,0,0.4843264728576478,0,0,0,0.3872068356597268,0,0,0,0.3866834698468087,0,0.3760345350416189,0,0.3032927201324489,0,ZNF689,LogisticRegression,mono,,-0.3032927201324489,-0.7835005203814538
329,20,0.7958142166284332,0,0.8348484706323888,0,0.8128431306425309,0,0.8164442928885858,0,0,0,0.8807473259523363,0,0,0,0.9220955511570792,0,0,0,0.4049714278795217,0,0,0,0.3897730450264331,0,0,0,0.428935120389367,0,0,0,0.2995781398968421,0,0.3095285263532987,0,0.3638799502033926,0,ZNF672,LogisticRegression,mono,,-0.3638799502033926,-0.8128431306425309
330,23,0.7193562599208243,0,0.7225664525350471,0,0.8939600829104343,0,0.7279227339008313,0,0,0,0.7307535823662414,0,0,0,0.9130849242611117,0,0,0,0.1778916063692452,0,0,0,0.2015748576579102,0,0,0,0.5055762220623526,0,0,0,0.1363856944869382,0,0.1609171480846517,0,0.4288104203431113,0,ZNF850,LogisticRegression,mono,,-0.4288104203431113,-0.8939600829104343
331,24,0.8526124788869962,0,0.851685103006027,0,0.7344296244632783,0,0.8916121310820607,0,0,0,0.8910145883490033,0,0,0,0.7111400762619204,0,0,0,0.327733218018238,0,0,0,0.3602572301815138,0,0,0,0.0796406890959219,0,0,0,0.1474950849390705,0,0.1595583771239503,0,0.0620629147738114,0,ZNF800,LogisticRegression,mono,,-0.0620629147738114,-0.7344296244632783
332,21,0.7730891262755102,0,0.7863528924686665,0,0.5272908862135034,0,0.8182077088647959,0,0,0,0.7936094696827128,0,0,0,0.4364308387428866,0,0,0,0.4206445263434296,0,0,0,0.4030161873322152,0,0,0,0.221561560984394,0,0,0,0.279777022303602,0,0.2613662055405668,0,0.168075733135891,0,ZNF773,LogisticRegression,mono,,-0.168075733135891,-0.5272908862135034
333,20,0.7473400310980434,0,0.7450977559550609,0,0.5299563096497608,0,0.789834873083705,0,0,0,0.7840885474740974,0,0,0,0.6962544817680207,0,0,0,0.0810272566345317,0,0,0,0.0817719074556992,0,0,0,0.020380325790037,0,0,0,0.0486888808701115,0,0.0482911625215588,0,0.0111841292617367,0,MGA,LogisticRegression,mono,,-0.0111841292617367,-0.5299563096497608
334,22,0.8641282454385053,0,0.8793546494443516,0,0.6114824978269008,0,0.8906382738102664,0,0,0,0.9052541941500416,0,0,0,0.6198451230576935,0,0,0,0.3849349465235597,0,0,0,0.4124624468648467,0,0,0,0.4399979235066897,0,0,0,0.348350246128797,0,0.3777779940651796,0,0.4498376282788798,0,ZNF623,LogisticRegression,mono,,-0.4498376282788798,-0.6114824978269008
335,21,0.826069567971307,0,0.8202749674594143,0,0.8112616770968499,0,0.8535485140784426,0,0,0,0.8454484260441093,0,0,0,0.8253019645772782,0,0,0,0.1168503865532843,0,0,0,0.1133277839670204,0,0,0,0.1603448641075897,0,0,0,0.0716989324026718,0,0.0691646123870824,0,0.0896605179439714,0,TTF1,LogisticRegression,mono,,-0.0896605179439714,-0.8112616770968499
336,20,0.9701576782006248,0,0.9604597294484912,0,0.940787328252684,0,0.9719635545032892,0,0,0,0.9782726326742976,0,0,0,0.9527682012097424,0,0,0,0.7783241096812754,0,0,0,0.7264664380955324,0,0,0,0.5650687684995599,0,0,0,0.7387283397800795,0,0.6886644057061638,0,0.4526117716456465,0,ZNF286B,LogisticRegression,mono,,-0.4526117716456465,-0.940787328252684
337,22,0.7771497111148499,0,0.7796667740774801,0,0.777381315275594,0,0.7914976667156972,0,0,0,0.7954200132786498,0,0,0,0.7760404383894826,0,0,0,0.0632084453554436,0,0,0,0.0646397577499522,0,0,0,0.0647842758131011,0,0,0,0.0610253894626705,0,0.0620263807404522,0,0.0706280971735503,0,ZNF700,LogisticRegression,mono,,-0.0706280971735503,-0.777381315275594
338,25,0.8437551095503592,0,0.8388534241893115,0,0.9096534994872804,0,0.8909312072334125,0,0,0,0.8890239408600304,0,0,0,0.927105681308744,0,0,0,0.1079189041523335,0,0,0,0.1023244242494551,0,0,0,0.1937030442285222,0,0,0,0.0676564868892474,0,0.0653421636029142,0,0.3161270132565205,0,ZNF746,LogisticRegression,mono,,-0.3161270132565205,-0.9096534994872804
339,28,0.7192641915138691,0,0.7291064228056544,0,0.7080506965003223,0,0.7377071005464331,0,0,0,0.748324490122442,0,0,0,0.7882126728706467,0,0,0,0.1719569806730443,0,0,0,0.1944101933743203,0,0,0,0.3516821411528686,0,0,0,0.1380601658583249,0,0.1502556763415001,0,0.2334049354439646,0,ZNF728,LogisticRegression,mono,,-0.2334049354439646,-0.7080506965003223
340,24,0.6923500472879028,0,0.715032700084034,0,0.6212004680839404,0,0.7471311940558809,0,0,0,0.7741618174787214,0,0,0,0.5929798264393652,0,0,0,0.1362134297196425,0,0,0,0.1656429249709284,0,0,0,0.1260852623744283,0,0,0,0.0804167233408251,0,0.096431818264555,0,0.0900350065685966,0,ZNF845,LogisticRegression,mono,,-0.0900350065685966,-0.6212004680839404
341,27,0.8580364219777062,0,0.8585100287137021,0,0.9498934029243742,0,0.8629793554914332,0,0,0,0.8657521219046335,0,0,0,0.9493360233162113,0,0,0,0.1766072693021545,0,0,0,0.1437422222186871,0,0,0,0.4484854408979866,0,0,0,0.1502876146103703,0,0.1288569899153391,0,0.3857458195312128,0,ZNF683,LogisticRegression,mono,487.0,-0.3857458195312128,-0.9498934029243742
349,22,0.9160812818066284,0,0.9206274572949694,0,0.9536805967990388,0,0.9259502378427928,0,0,0,0.929987860817972,0,0,0,0.9608852147183884,0,0,0,0.1982868496093657,0,0,0,0.2017717570790762,0,0,0,0.2542856404580814,0,0,0,0.1724249065595365,0,0.1774828734624716,0,0.2206706163516456,0,ZNF775,LogisticRegression,mono,,-0.2206706163516456,-0.9536805967990388
350,21,0.7423103754168888,0,0.7613288871804728,0,0.825639891658972,0,0.7525986413336123,0,0,0,0.7739947078831979,0,0,0,0.8376353068636502,0,0,0,0.208716522627673,0,0,0,0.2173233566113525,0,0,0,0.3107505416838514,0,0,0,0.1699480031033096,0,0.1888493464438903,0,0.2896997411527536,0,ZNF57,LogisticRegression,mono,2365.0,-0.2896997411527536,-0.825639891658972
358,24,0.8154278265743785,0,0.8249131091138425,0,0.645677109113669,0,0.8300310036084462,0,0,0,0.8379698857613728,0,0,0,0.664767358250947,0,0,0,0.4287300540029381,0,0,0,0.4454757391477129,0,0,0,0.2104372467636915,0,0,0,0.3635058408831199,0,0.37986906217221,0,0.1441790757897818,0,ZNF836,LogisticRegression,mono,1953.0,-0.1441790757897818,-0.645677109113669
