,Count,roc_auc_train_H_PWM,roc_auc_train_H_PWM_di,roc_auc_test_H_PWM,roc_auc_test_H_PWM_di,roc_auc_test_M_PWM,roc_auc_test_M_PWM_di,roc_auc_train_H,mean_auc_train_H,median_auc_train_H,std_auc_train_H,roc_auc_test_H,mean_auc_test_H,median_auc_test_H,std_auc_test_H,roc_auc_test_M,mean_auc_test_M,median_auc_test_M,std_auc_test_M,pr_auc_train_H,mean_pr_auc_train_H,median_pr_auc_train_H,std_pr_auc_train_H,pr_auc_test_H,mean_pr_auc_test_H,median_pr_auc_test_H,std_pr_auc_test_H,pr_auc_test_M,mean_pr_auc_test_M,median_pr_auc_test_M,std_pr_auc_test_M,pr_auc_train_H_PWM,pr_auc_train_H_PWM_di,pr_auc_test_H_PWM,pr_auc_test_H_PWM_di,pr_auc_test_M_PWM,pr_auc_test_M_PWM_di,TF_name,Model,PWM,Seq_count,PR_delta_M,ROC_delta_M
0,34,0.757104507742292,0,0.7654616762782221,0,0.9568514261386304,0,0.7720895857753499,0,0,0,0.7785740216780318,0,0,0,0.952381099249075,0,0,0,0.0386430913079266,0,0,0,0.0372086658676982,0,0,0,0.1841244756842678,0,0,0,0.0354216412120902,0,0.0340242400708951,0,0.1955028249560477,0,LEUTX,LogisticRegression,mono,,-0.1955028249560477,-0.9568514261386304
1,28,0.8994780609377382,0,0.8901957127475226,0,0.9042617907774276,0,0.9547242850746837,0,0,0,0.9357869182224596,0,0,0,0.9431714734921608,0,0,0,0.4106904969627574,0,0,0,0.1763937199048435,0,0,0,0.2086660359514613,0,0,0,0.1810712090228823,0,0.0948325614073923,0,0.1283449209518296,0,FBXL19,LogisticRegression,mono,5258.0,-0.1283449209518296,-0.9042617907774276
9,42,0.8136210230207166,0,0.8467227527381587,0,0.8363730097932074,0,0.8282380655310149,0,0,0,0.8562702434482107,0,0,0,0.8204662755042493,0,0,0,0.121441624619574,0,0,0,0.155523551296813,0,0,0,0.1059983443136151,0,0,0,0.0828406628878511,0,0.1570975312169084,0,0.1398926048824874,0,ZBED5,LogisticRegression,mono,,-0.1398926048824874,-0.8363730097932074
10,38,0.8444495560609147,0,0.8334911473652251,0,0.8393291994429598,0,0.8536464182077002,0,0,0,0.8512643083633175,0,0,0,0.833706763521397,0,0,0,0.1996360391897344,0,0,0,0.2270677888203245,0,0,0,0.5256684485967538,0,0,0,0.1804497688597017,0,0.2091501301922405,0,0.3749023096106036,0,ZFAT,LogisticRegression,mono,12101.0,-0.3749023096106036,-0.8393291994429598
18,25,0.7238499775352232,0,0.7202545363315773,0,0.7732559779514517,0,0.7612821994912533,0,0,0,0.7566047010875538,0,0,0,0.7778956834532375,0,0,0,0.0649963804437582,0,0,0,0.0377844602800369,0,0,0,0.3759643904245988,0,0,0,0.0610840872448309,0,0.0503366488220837,0,0.629240879186883,0,ZSCAN2,LogisticRegression,mono,,-0.629240879186883,-0.7732559779514517
19,26,0.7103722248199786,0,0.7339303965965269,0,0.9803927686352176,0,0.7168822887100132,0,0,0,0.7424657769059423,0,0,0,0.9883934824207709,0,0,0,0.0523935536344546,0,0,0,0.0653578169163931,0,0,0,0.7151717539577204,0,0,0,0.0505394202597838,0,0.063077043329449,0,0.7762829676010847,0,LEF1,LogisticRegression,mono,12304.0,-0.7762829676010847,-0.9803927686352176
27,23,0.8880693944449531,0,0.6533958800922535,0,0.97410007283303,0,0.9028592236899338,0,0,0,0.6866437218733725,0,0,0,0.9793261459391006,0,0,0,0.0929380789192461,0,0,0,0.0237220433842926,0,0,0,0.5465027124214648,0,0,0,0.0700461422880681,0,0.019860551777754,0,0.4785927498066566,0,ZNF395,LogisticRegression,mono,,-0.4785927498066566,-0.97410007283303
28,22,0.942862531061362,0,0.9557253894836714,0,0.9172629178252644,0,0.9465459865973076,0,0,0,0.9580823427690563,0,0,0,0.9245647532584288,0,0,0,0.4149864730887125,0,0,0,0.6757208585794241,0,0,0,0.2573530133299785,0,0,0,0.3998731455377198,0,0.6629495918780667,0,0.2633849661034184,0,ZFTA,LogisticRegression,mono,29213.0,-0.2633849661034184,-0.9172629178252644
36,25,0.9070199268140527,0,0.9045401389118716,0,0.9011122940895342,0,0.910581182610503,0,0,0,0.9218152040670188,0,0,0,0.9022360256748324,0,0,0,0.2382539429974456,0,0,0,0.4375531493051455,0,0,0,0.4715367807211362,0,0,0,0.2301789566061231,0,0.4157991868538651,0,0.5066850549424764,0,FOSL2,LogisticRegression,mono,,-0.5066850549424764,-0.9011122940895342
37,26,0.7342320884584986,0,0.7713600801960347,0,0.7680243087787184,0,0.7972930686535554,0,0,0,0.8244528402762309,0,0,0,0.8499002540828711,0,0,0,0.381037629209045,0,0,0,0.3995340367250953,0,0,0,0.242468010103531,0,0,0,0.3138551966322302,0,0.3302990173591281,0,0.1915558293648764,0,ZNF226,LogisticRegression,mono,,-0.1915558293648764,-0.7680243087787184
38,20,0.8344088474477789,0,0.8284961062061543,0,0.8430683960695389,0,0.8714268590040855,0,0,0,0.8755636845802774,0,0,0,0.8696836523053666,0,0,0,0.3119943109467204,0,0,0,0.3310576988088753,0,0,0,0.2760248966869958,0,0,0,0.2661962839495493,0,0.2637637634819486,0,0.2325814487105559,0,ZNF407,LogisticRegression,mono,,-0.2325814487105559,-0.8430683960695389
39,20,0.8967304429638012,0,0.9001616997730436,0,0.8974354722844065,0,0.9008595847707233,0,0,0,0.9093454355506114,0,0,0,0.902197032978048,0,0,0,0.5654698497551254,0,0,0,0.6570895989128295,0,0,0,0.6981179682666533,0,0,0,0.4881669958715807,0,0.5625555114984506,0,0.6755586644405281,0,ZNF260,LogisticRegression,mono,,-0.6755586644405281,-0.8974354722844065
40,24,0.7738421195515902,0,0.6864798943092798,0,0.8477148990567933,0,0.827313775780799,0,0,0,0.7229949089436524,0,0,0,0.7468151785411353,0,0,0,0.1211819767011232,0,0,0,0.0275577858036264,0,0,0,0.0370680377347475,0,0,0,0.0740712175255814,0,0.0208285756042611,0,0.0061123671066131,0,DNTTIP1,LogisticRegression,mono,,-0.0061123671066131,-0.8477148990567933
41,28,0.8124372627296406,0,0.7344274307437717,0,0.8380660774805359,0,0.8163065229614204,0,0,0,0.7558731560492871,0,0,0,0.82618988752307,0,0,0,0.1156915431734021,0,0,0,0.0961671141589863,0,0,0,0.4618686941052798,0,0,0,0.1304286017462729,0,0.1600847718171184,0,0.5970775872364865,0,JRK,LogisticRegression,mono,,-0.5970775872364865,-0.8380660774805359
42,30,0.85270864173643,0,0.8584841361216734,0,0.9175148214592496,0,0.9148864403728856,0,0,0,0.9204898165435478,0,0,0,0.91454034326586,0,0,0,0.3319329145565972,0,0,0,0.3783114480895284,0,0,0,0.268898363246257,0,0,0,0.2516671571370378,0,0.2853810299616274,0,0.1338671974648314,0,ZNF471,LogisticRegression,mono,,-0.1338671974648314,-0.9175148214592496
43,38,0.7599692599905523,0,0.8215260295336441,0,0.7306310198370317,0,0.8370081531243903,0,0,0,0.8919694935443407,0,0,0,0.7313755358520232,0,0,0,0.1071396008702482,0,0,0,0.1585962597835406,0,0,0,0.0302835341154494,0,0,0,0.0544490181422074,0,0.1097649738592318,0,0.013176711874348,0,ZBTB8A,LogisticRegression,mono,,-0.013176711874348,-0.7306310198370317
44,25,0.891643577867023,0,0.8859072232877865,0,0.8792587196850656,0,0.8991860575523389,0,0,0,0.893560136793636,0,0,0,0.8814788605783559,0,0,0,0.4433003943973101,0,0,0,0.4687599690262775,0,0,0,0.5934538701242065,0,0,0,0.3773454854730654,0,0.3912852680311022,0,0.5106834743262114,0,ZNF251,LogisticRegression,mono,,-0.5106834743262114,-0.8792587196850656
45,34,0.8956597741610302,0,0.9328339076415346,0,0.925366201081258,0,0.9097703807882414,0,0,0,0.941746159819457,0,0,0,0.9445062750851216,0,0,0,0.6806989328543909,0,0,0,0.7597924170817277,0,0,0,0.5247751853959748,0,0,0,0.6562780116953343,0,0.7520920210595183,0,0.5077722553032576,0,ZNF493,LogisticRegression,mono,,-0.5077722553032576,-0.925366201081258
46,23,0.7516144202242215,0,0.6345586542203204,0,0.7409661803012654,0,0.7653991753818998,0,0,0,0.6455598379241111,0,0,0,0.7445483573926515,0,0,0,0.0487049298263731,0,0,0,0.0203752262535769,0,0,0,0.0860196328599636,0,0,0,0.0488326776579147,0,0.0719298282998818,0,0.2530929364844755,0,VDR,LogisticRegression,mono,,-0.2530929364844755,-0.7409661803012654
47,20,0.880264405657228,0,0.8783065025794187,0,0.6578380415858719,0,0.90922415653184,0,0,0,0.9068330614264106,0,0,0,0.6800486984216343,0,0,0,0.3877441559097818,0,0,0,0.4689849462160843,0,0,0,0.1746981155895202,0,0,0,0.2991891689092597,0,0.379361303458397,0,0.1114698401552772,0,ZNF322,LogisticRegression,mono,,-0.1114698401552772,-0.6578380415858719
48,33,0.8072895080601898,0,0.7904108650353804,0,0.915368199725196,0,0.8374098903495012,0,0,0,0.8271285019673358,0,0,0,0.9473895160413904,0,0,0,0.340850645485912,0,0,0,0.2759523182392718,0,0,0,0.3908711029207817,0,0,0,0.2151607140428434,0,0.164652813635906,0,0.2182904221184068,0,NACC2,LogisticRegression,mono,,-0.2182904221184068,-0.915368199725196
49,25,0.8618025283699793,0,0.8482436401468111,0,0.6426638453864635,0,0.8673543005312229,0,0,0,0.8570875606040942,0,0,0,0.6537914351035813,0,0,0,0.2099754794361047,0,0,0,0.173088521261876,0,0,0,0.1445172150683679,0,0,0,0.1899166920932206,0,0.1569685976625003,0,0.140785572105615,0,ZNF107,LogisticRegression,mono,,-0.140785572105615,-0.6426638453864635
50,27,0.7829299134920569,0,0.7836557018260859,0,0.7887097395155559,0,0.8170638383474095,0,0,0,0.8097920519793369,0,0,0,0.8093269265062442,0,0,0,0.0710180130831285,0,0,0,0.0461769693048041,0,0,0,0.0527115853867736,0,0,0,0.0473083084507284,0,0.0419366630604258,0,0.0581894490641447,0,ZNF648,LogisticRegression,mono,,-0.0581894490641447,-0.7887097395155559
51,20,0.6935470863683663,0,0.7195739619377163,0,0.8992288366904264,0,0.7776456815816858,0,0,0,0.764526384083045,0,0,0,0.8533417405255405,0,0,0,0.1592170536451976,0,0,0,0.1779610170594696,0,0,0,0.2430269445125591,0,0,0,0.1882569928428164,0,0.1321462494930297,0,0.4043640739334084,0,CAMTA2,LogisticRegression,mono,68.0,-0.4043640739334084,-0.8992288366904264
59,29,0.57190309787848,0,0.6219931157699652,0,0.784224317207378,0,0.5913065488112856,0,0,0,0.6430355922483573,0,0,0,0.8537295933204249,0,0,0,0.060322766205524,0,0,0,0.0762755029153125,0,0,0,0.4570399077702664,0,0,0,0.0478613971906721,0,0.0605299203151473,0,0.3656954879766533,0,ZNF841,LogisticRegression,mono,,-0.3656954879766533,-0.784224317207378
60,29,0.7786542787076034,0,0.7461383907961767,0,0.6268691057459862,0,0.8277893678188037,0,0,0,0.8109736824390916,0,0,0,0.6307802702849675,0,0,0,0.0773477348709439,0,0,0,0.1131171372866117,0,0,0,0.2524349036115627,0,0,0,0.0604200790585616,0,0.0706464587710393,0,0.1188468663076573,0,TIGD4,LogisticRegression,mono,,-0.1188468663076573,-0.6268691057459862
61,26,0.7653759609654911,0,0.7762081524341473,0,0.7485033166785486,0,0.7750567052592187,0,0,0,0.7781320058030408,0,0,0,0.7539637300266291,0,0,0,0.2087767587748905,0,0,0,0.1994721650766291,0,0,0,0.2150857679837274,0,0,0,0.2041923485439429,0,0.1770654417841146,0,0.1756980130437388,0,ZNF470,LogisticRegression,mono,,-0.1756980130437388,-0.7485033166785486
62,26,0.7537050378134861,0,0.6859657545353733,0,0.73351908729753,0,0.7819512900531336,0,0,0,0.7247925340921273,0,0,0,0.7781729298855714,0,0,0,0.0538107970724882,0,0,0,0.0401941288856758,0,0,0,0.1126494660932733,0,0,0,0.0566343547145813,0,0.0739131979293221,0,0.1610933517091247,0,ZNF510,LogisticRegression,mono,,-0.1610933517091247,-0.73351908729753
63,20,0.9465423450603512,0,0.9580666141608488,0,0.9113430100789118,0,0.9635630532287112,0,0,0,0.97063816975782,0,0,0,0.9282964986310815,0,0,0,0.2842580861264653,0,0,0,0.6955882352812706,0,0,0,0.1178780686434183,0,0,0,0.214286290474676,0,0.6069787518666474,0,0.1034029413358516,0,ZNF384,LogisticRegression,mono,,-0.1034029413358516,-0.9113430100789118
64,40,0.8815302484810333,0,0.8805436045662131,0,0.9582873080700374,0,0.8939593756685874,0,0,0,0.8941840498638706,0,0,0,0.9709253005448968,0,0,0,0.3534777680008755,0,0,0,0.5535504945126334,0,0,0,0.7622438322481863,0,0,0,0.3078114705528816,0,0.506935268386528,0,0.6930295937493064,0,CTCF,LogisticRegression,mono,51547.0,-0.6930295937493064,-0.9582873080700374
72,20,0.907876138906938,0,0.8930649538074573,0,0.9468590397118524,0,0.9155852703015932,0,0,0,0.9057943319081342,0,0,0,0.9543692486662662,0,0,0,0.4795154609738322,0,0,0,0.5217953628066722,0,0,0,0.7973441118545004,0,0,0,0.4186472546634627,0,0.4628164093497417,0,0.7495578380945154,0,ZNF134,LogisticRegression,mono,,-0.7495578380945154,-0.9468590397118524
73,43,0.8927092424894211,0,0.9141416563332844,0,0.9429902428971024,0,0.9143913812852312,0,0,0,0.928652584090833,0,0,0,0.961248972416629,0,0,0,0.4463540337967496,0,0,0,0.5256210855873336,0,0,0,0.5711766293657536,0,0,0,0.3125369946128026,0,0.3966429683130085,0,0.4944319802257734,0,KDM2A,LogisticRegression,mono,,-0.4944319802257734,-0.9429902428971024
74,30,0.8799598126331718,0,0.934830691830693,0,0.8783174374698092,0,0.9015215233227076,0,0,0,0.9503235703786368,0,0,0,0.8986623917269134,0,0,0,0.1145399129764741,0,0,0,0.561427133345961,0,0,0,0.1937225040315151,0,0,0,0.0979326928942601,0,0.50177242782949,0,0.1928913249126341,0,TPRX1,LogisticRegression,mono,,-0.1928913249126341,-0.8783174374698092
75,21,0.8905086231983705,0,0.9080085184321997,0,0.9511816302504236,0,0.9080516388709716,0,0,0,0.9222801421809308,0,0,0,0.9629472732181732,0,0,0,0.1758964948158443,0,0,0,0.414757524106515,0,0,0,0.5282964403447573,0,0,0,0.1466507950558658,0,0.3668586110887566,0,0.4519613013043386,0,ELF3,LogisticRegression,mono,,-0.4519613013043386,-0.9511816302504236
76,26,0.7444850361413525,0,0.7449691517779392,0,0.6915193559353264,0,0.7831703546192558,0,0,0,0.7872069893856185,0,0,0,0.7188148239717497,0,0,0,0.050545272251399,0,0,0,0.0445510602122778,0,0,0,0.0255880420690406,0,0,0,0.0413563926782278,0,0.0358758067933981,0,0.0191812286268005,0,SRY,LogisticRegression,mono,,-0.0191812286268005,-0.6915193559353264
77,23,0.911841120418347,0,0.9112842982089102,0,0.6961317958581836,0,0.9312544645897284,0,0,0,0.9329524448550882,0,0,0,0.7512353313358772,0,0,0,0.3128312871315278,0,0,0,0.2740894603316566,0,0,0,0.031444368048747,0,0,0,0.174688125482499,0,0.1601122441254338,0,0.0218024181757582,0,ZNF131,LogisticRegression,mono,,-0.0218024181757582,-0.6961317958581836
78,30,0.7109144719823636,0,0.7749557425855438,0,0.9530422550084908,0,0.7373455335682756,0,0,0,0.8081678680456409,0,0,0,0.9631076060231808,0,0,0,0.0744554393046045,0,0,0,0.1245208781054631,0,0,0,0.3377060534367896,0,0,0,0.0474511462148331,0,0.0714279200812495,0,0.1947453443981324,0,SALL3,LogisticRegression,mono,,-0.1947453443981324,-0.9530422550084908
79,22,0.7306352802547162,0,0.791625805198314,0,0.9482555406099904,0,0.7654677163546423,0,0,0,0.8206986375709815,0,0,0,0.9535223242327532,0,0,0,0.0584393949662629,0,0,0,0.1465771843797189,0,0,0,0.6215910046545132,0,0,0,0.0527899769029941,0,0.1317607756715881,0,0.5929686423124534,0,PRDM10,LogisticRegression,mono,,-0.5929686423124534,-0.9482555406099904
80,24,0.9090790669298116,0,0.9329992760346938,0,0.98554609831997,0,0.9150685061454789,0,0,0,0.9401662151833632,0,0,0,0.9894970977229564,0,0,0,0.3953300107208344,0,0,0,0.5390491690085929,0,0,0,0.6886509354153807,0,0,0,0.403105008671017,0,0.5337431080496168,0,0.5235026954320936,0,NFKB1,LogisticRegression,mono,16856.0,-0.5235026954320936,-0.98554609831997
88,23,0.875347173553719,0,0.9181485607887429,0,0.8743544000268335,0,0.8860630743801653,0,0,0,0.922140349806172,0,0,0,0.9134857178130372,0,0,0,0.5278344669996554,0,0,0,0.6191936447454448,0,0,0,0.314430085337363,0,0,0,0.5092324852262621,0,0.5985977016407777,0,0.237386560241383,0,ZNF726,LogisticRegression,mono,,-0.237386560241383,-0.8743544000268335
89,20,0.773825440677827,0,0.7394569692165411,0,0.8145011007699565,0,0.7912955148151493,0,0,0,0.7863853613423173,0,0,0,0.8570212815524934,0,0,0,0.3383029242003024,0,0,0,0.288454278744561,0,0,0,0.6271094803929151,0,0,0,0.3312169144629054,0,0.3448536433195462,0,0.5489543632863566,0,GLI4,LogisticRegression,mono,,-0.5489543632863566,-0.8145011007699565
90,31,0.8084093842765488,0,0.7850910170609859,0,0.9200736410371418,0,0.8092053512719845,0,0,0,0.7943970423435028,0,0,0,0.9263145471931076,0,0,0,0.3260854255218896,0,0,0,0.3375839160649696,0,0,0,0.5800897850894907,0,0,0,0.3052944936658485,0,0.3246543123188475,0,0.5607745344639286,0,ZNF20,LogisticRegression,mono,,-0.5607745344639286,-0.9200736410371418
91,20,0.7488314970985382,0,0.7401252293546866,0,0.6289121899837211,0,0.7605649490127312,0,0,0,0.7681325271579691,0,0,0,0.5943780522838265,0,0,0,0.3462499785075029,0,0,0,0.3364619437842184,0,0,0,0.238474113036542,0,0,0,0.3080471734622403,0,0.3028333525066672,0,0.2107523969125141,0,ZNF264,LogisticRegression,mono,1086.0,-0.2107523969125141,-0.6289121899837211
99,27,0.92821534405323,0,0.923895894692299,0,0.9484757926495854,0,0.9416612399121044,0,0,0,0.9406858992083864,0,0,0,0.9598261246192022,0,0,0,0.3872145499424835,0,0,0,0.4315900233060196,0,0,0,0.4195847145893291,0,0,0,0.3079797269209856,0,0.3448106991065073,0,0.3173696680013312,0,ZNF780B,LogisticRegression,mono,3301.0,-0.3173696680013312,-0.9484757926495854
107,28,0.8287351238935223,0,0.8525164858899209,0,0.9104167305119334,0,0.8782043521342552,0,0,0,0.899812039416819,0,0,0,0.9608283582766228,0,0,0,0.1742096573390076,0,0,0,0.3007473022767877,0,0,0,0.5656011953164054,0,0,0,0.1549355780568551,0,0.2325842566416032,0,0.3572404632530437,0,FLI1,LogisticRegression,mono,,-0.3572404632530437,-0.9104167305119334
108,20,0.8326791168131271,0,0.771980278485479,0,0.7801083587927796,0,0.8626982283979165,0,0,0,0.7861441799284976,0,0,0,0.7788845248642091,0,0,0,0.0837610589651474,0,0,0,0.0631869305781463,0,0,0,0.0883027007679609,0,0,0,0.061523415935543,0,0.0544183337299283,0,0.111956225663487,0,CAMTA1,LogisticRegression,mono,,-0.111956225663487,-0.7801083587927796
109,20,0.7718302982261595,0,0.7203611651220929,0,0.7803467143348652,0,0.9202703557378916,0,0,0,0.9015206686699828,0,0,0,0.7401261331784551,0,0,0,0.2497681185552161,0,0,0,0.1456661316369256,0,0,0,0.1112416067891158,0,0,0,0.106090798759689,0,0.0945319323064658,0,0.2651852877437685,0,CREB3L3,LogisticRegression,mono,398.0,-0.2651852877437685,-0.7803467143348652
117,32,0.8595221177401283,0,0.9007043340379388,0,0.903638982897564,0,0.8766348553392747,0,0,0,0.9123111967859564,0,0,0,0.8882346264943929,0,0,0,0.1422303621410009,0,0,0,0.2497597663353215,0,0,0,0.1715250118925743,0,0,0,0.1075305632938271,0,0.2229954438906319,0,0.2156238193981875,0,ZSCAN25,LogisticRegression,mono,,-0.2156238193981875,-0.903638982897564
118,23,0.7433548237807048,0,0.7742587300377652,0,0.463638794954158,0,0.868387255250979,0,0,0,0.8854372639672137,0,0,0,0.4077516867897727,0,0,0,0.372649535745617,0,0,0,0.389121399100938,0,0,0,0.1294377849870054,0,0,0,0.1747178618840091,0,0.1803593425706149,0,0.0357921661669514,0,ZNF234,LogisticRegression,mono,,-0.0357921661669514,-0.463638794954158
119,22,0.7767416824245272,0,0.7804516650046901,0,0.9573749226845708,0,0.7858352859750171,0,0,0,0.823834819659441,0,0,0,0.9645991874316492,0,0,0,0.1109721941080735,0,0,0,0.395478934412117,0,0,0,0.4826669119280691,0,0,0,0.0970406630808909,0,0.3723377005247186,0,0.3323417596476281,0,TIGD3,LogisticRegression,mono,70744.0,-0.3323417596476281,-0.9573749226845708
127,23,0.901266203522243,0,0.913015771435086,0,0.6160741519927978,0,0.911504400073772,0,0,0,0.9262614614520792,0,0,0,0.6221635580062866,0,0,0,0.3968122472439331,0,0,0,0.3740110280708324,0,0,0,0.0174146285126238,0,0,0,0.2410159672015937,0,0.2216405742717215,0,0.0185360691535201,0,RLF,LogisticRegression,mono,,-0.0185360691535201,-0.6160741519927978
128,20,0.8983206840332837,0,0.917787901292612,0,0.9551079662525928,0,0.904027106658303,0,0,0,0.9230816251560466,0,0,0,0.965197876181812,0,0,0,0.1705724468454297,0,0,0,0.4182165403017397,0,0,0,0.5766123591591901,0,0,0,0.1483938993828824,0,0.3822674703307072,0,0.5702270107259109,0,ZNF367,LogisticRegression,mono,,-0.5702270107259109,-0.9551079662525928
129,23,0.8353566826010841,0,0.8600606009782459,0,0.9302583776158388,0,0.8551140705701421,0,0,0,0.8884609596201292,0,0,0,0.9449633172058198,0,0,0,0.0969257294298281,0,0,0,0.2949827071384951,0,0,0,0.5141949246963887,0,0,0,0.0717367044232843,0,0.2107234036369818,0,0.3742431814429874,0,MSANTD1,LogisticRegression,mono,,-0.3742431814429874,-0.9302583776158388
130,24,0.7464504202576816,0,0.78771870809694,0,0.9512478492322024,0,0.7536777651500122,0,0,0,0.7905569428241285,0,0,0,0.9523160538663512,0,0,0,0.2957355437383092,0,0,0,0.4455931629882697,0,0,0,0.8712186352699279,0,0,0,0.2944813029033823,0,0.4463318228559527,0,0.8780307497003373,0,ZBTB40,LogisticRegression,mono,,-0.8780307497003373,-0.9512478492322024
131,30,0.5947052252617028,0,0.5970975009728461,0,0.6450522253069395,0,0.6309310754811011,0,0,0,0.6240283636094272,0,0,0,0.7083536522875099,0,0,0,0.0163969618489889,0,0,0,0.0233670016499678,0,0,0,0.0232627453305223,0,0,0,0.0158377557196667,0,0.0251492852942542,0,0.0197687047961817,0,MKX,LogisticRegression,mono,,-0.0197687047961817,-0.6450522253069395
132,37,0.9647407999883024,0,0.9701583212209596,0,0.9450522137217484,0,0.9663622437547236,0,0,0,0.971564182216312,0,0,0,0.9520112349223578,0,0,0,0.444372015100421,0,0,0,0.7836749637613194,0,0,0,0.2386404411994526,0,0,0,0.4007425160362806,0,0.7595740128724929,0,0.1907929374874574,0,ZNF362,LogisticRegression,mono,80770.0,-0.1907929374874574,-0.9450522137217484
140,23,0.7257732458617195,0,0.7170007066410988,0,0.5308710237887557,0,0.8164531051461483,0,0,0,0.8051918086044428,0,0,0,0.5374739338913868,0,0,0,0.0857137720874869,0,0,0,0.1340495541810462,0,0,0,0.0107367107017902,0,0,0,0.0592733736066821,0,0.0872417829510847,0,0.0131378999364044,0,PAX7,LogisticRegression,mono,26424.0,-0.0131378999364044,-0.5308710237887557
148,35,0.8391107997606314,0,0.6894414083804665,0,0.8186706424423174,0,0.8738895242181511,0,0,0,0.7294247095952213,0,0,0,0.8754775399517022,0,0,0,0.1340724840055616,0,0,0,0.033820773446782,0,0,0,0.2498682749990247,0,0,0,0.0769259202379471,0,0.0236583558307488,0,0.1663953926118646,0,ZNF48,LogisticRegression,mono,3301.0,-0.1663953926118646,-0.8186706424423174
156,28,0.747778953231579,0,0.6978041027386981,0,0.6460907383786848,0,0.8263702887925412,0,0,0,0.7584292359824648,0,0,0,0.7055068381519275,0,0,0,0.0543755057071352,0,0,0,0.0285167551268794,0,0,0,0.0339036773450176,0,0,0,0.0272806503092713,0,0.0209113409340922,0,0.0236859448854901,0,SP100,LogisticRegression,mono,,-0.0236859448854901,-0.6460907383786848
157,23,0.7845622832170005,0,0.7800906691807963,0,0.8419637222388276,0,0.8212660270241924,0,0,0,0.8159727117826414,0,0,0,0.8706352027303528,0,0,0,0.1254848728921542,0,0,0,0.133444233449432,0,0,0,0.377231973489491,0,0,0,0.0571129347675192,0,0.0591020764692701,0,0.2265650129836442,0,GABPA,LogisticRegression,mono,,-0.2265650129836442,-0.8419637222388276
158,31,0.7395997765346456,0,0.7814519942282402,0,0.8530628990597092,0,0.7715962910192522,0,0,0,0.8058946722036358,0,0,0,0.89368261153181,0,0,0,0.1059970742699184,0,0,0,0.1838719770963676,0,0,0,0.3802844505092881,0,0,0,0.0835842847277901,0,0.1472372169612784,0,0.2878381853135243,0,ZNF347,LogisticRegression,mono,,-0.2878381853135243,-0.8530628990597092
159,20,0.8757108012242628,0,0.8932037521996196,0,0.7984620280397289,0,0.90855224524614,0,0,0,0.9326658941030198,0,0,0,0.7992921940550037,0,0,0,0.1288263383053396,0,0,0,0.3325877515653483,0,0,0,0.1500826971330077,0,0,0,0.0788274769984525,0,0.2715225017620442,0,0.0176287414986153,0,ZNF770,LogisticRegression,mono,,-0.0176287414986153,-0.7984620280397289
160,20,0.9729133062557964,0,0.9507213859247968,0,0.9553112020010815,0,0.971124762815564,0,0,0,0.947797289663064,0,0,0,0.953346714440238,0,0,0,0.8836981366382847,0,0,0,0.8940254493913622,0,0,0,0.8583186347422529,0,0,0,0.8605807087589095,0,0.8741500672392841,0,0.8426704406131686,0,ZNF436,LogisticRegression,mono,,-0.8426704406131686,-0.9553112020010815
161,32,0.93723783549079,0,0.8786515032114396,0,0.8303855217827691,0,0.9528923309905096,0,0,0,0.8999598131716322,0,0,0,0.82291015625,0,0,0,0.2844752054812225,0,0,0,0.0808881381893085,0,0,0,0.0508144884495871,0,0,0,0.1799736826416101,0,0.0628793530817616,0,0.0727128537022564,0,SLC2A4RG,LogisticRegression,mono,3836.0,-0.0727128537022564,-0.8303855217827691
169,40,0.8407123417595046,0,0.8686543550019585,0,0.8073699899481551,0,0.868324472451322,0,0,0,0.8849204953550648,0,0,0,0.7840034563265914,0,0,0,0.165024704855827,0,0,0,0.1935691936817696,0,0,0,0.0487434128636052,0,0,0,0.1101296906116621,0,0.2027039230851819,0,0.1072572004783729,0,ZBTB41,LogisticRegression,mono,,-0.1072572004783729,-0.8073699899481551
170,21,0.9198842433752786,0,0.9312886178246342,0,0.9722811093092332,0,0.9291004174430018,0,0,0,0.942553985178951,0,0,0,0.978881063022804,0,0,0,0.2810180874979271,0,0,0,0.3763182878090469,0,0,0,0.8338560227078023,0,0,0,0.2228243474474873,0,0.2485768014055211,0,0.6777925488588642,0,FIZ1,LogisticRegression,mono,,-0.6777925488588642,-0.9722811093092332
171,20,0.9625299989807296,0,0.957539063743118,0,0.9471315801614764,0,0.9666964828994226,0,0,0,0.9646763744481976,0,0,0,0.955814735870819,0,0,0,0.7114203086564275,0,0,0,0.7990940894688595,0,0,0,0.822504776038594,0,0,0,0.5997514425783043,0,0.7300804015309434,0,0.7390663916852832,0,ZNF250,LogisticRegression,mono,,-0.7390663916852832,-0.9471315801614764
172,28,0.8712808081215029,0,0.9104214815626496,0,0.7895022518089525,0,0.8986974357572737,0,0,0,0.9329987831087236,0,0,0,0.8096895792998237,0,0,0,0.3936249384711074,0,0,0,0.5085551003660064,0,0,0,0.0347178291454479,0,0,0,0.2283443545356731,0,0.3348469827522836,0,0.0337165662526862,0,CXXC4,LogisticRegression,mono,,-0.0337165662526862,-0.7895022518089525
173,20,0.8870989990234375,0,0.8672321645970295,0,0.9345177849750488,0,0.8990929412841797,0,0,0,0.8671380163947731,0,0,0,0.9229474779899762,0,0,0,0.4578639652279565,0,0,0,0.5585833384497854,0,0,0,0.1620039007189258,0,0,0,0.4102016097768519,0,0.5161986890761814,0,0.1151576564793962,0,ZNF233,LogisticRegression,mono,,-0.1151576564793962,-0.9345177849750488
174,32,0.8050545403147856,0,0.8000902461094107,0,0.8877019557823129,0,0.8086782470278785,0,0,0,0.8010548845919854,0,0,0,0.8488241390306123,0,0,0,0.2138157303441797,0,0,0,0.1661228380166517,0,0,0,0.1318376226551808,0,0,0,0.1840685131327341,0,0.1685227393345814,0,0.1776731758479058,0,ZNF142,LogisticRegression,mono,,-0.1776731758479058,-0.8877019557823129
175,23,0.8343175882148746,0,0.867763613997292,0,0.866982430020885,0,0.8508298078935771,0,0,0,0.8834631522186072,0,0,0,0.9095212103570706,0,0,0,0.0769276941651385,0,0,0,0.2548097256891638,0,0,0,0.1479591288001592,0,0,0,0.0559473006187104,0,0.1903300579331832,0,0.0636338723957981,0,MYF6,LogisticRegression,mono,,-0.0636338723957981,-0.866982430020885
176,25,0.7778010345696218,0,0.8426844774182739,0,0.8042523299201484,0,0.8068459508982219,0,0,0,0.8765012765323168,0,0,0,0.8130440590898288,0,0,0,0.0379489627588815,0,0,0,0.1245856196060052,0,0,0,0.1150104479862367,0,0,0,0.0309295843012515,0,0.0891880754991959,0,0.0750254556826233,0,SOX2,LogisticRegression,mono,35190.0,-0.0750254556826233,-0.8042523299201484
184,25,0.7281886705064629,0,0.7215428479313247,0,0.7454913166276065,0,0.7397913556576692,0,0,0,0.7219718905253821,0,0,0,0.7001726819301725,0,0,0,0.0536338163207022,0,0,0,0.0349603508753085,0,0,0,0.0958825119237837,0,0,0,0.0479228541473338,0,0.0356083082080214,0,0.1209628538889087,0,ZNF500,LogisticRegression,mono,,-0.1209628538889087,-0.7454913166276065
185,36,0.8308724405367792,0,0.8226277838931961,0,0.9458820416775168,0,0.9307360873890822,0,0,0,0.910268044511767,0,0,0,0.9759248743064316,0,0,0,0.287678717116962,0,0,0,0.2805478201491165,0,0,0,0.9499072691897672,0,0,0,0.1259673070944142,0,0.1408180817267804,0,0.7494652903725255,0,FLYWCH1,LogisticRegression,mono,,-0.7494652903725255,-0.9458820416775168
186,25,0.8687969804570368,0,0.8946470495056112,0,0.758060954389995,0,0.8805420538931931,0,0,0,0.9047755554194428,0,0,0,0.7888802291526295,0,0,0,0.1532007506497835,0,0,0,0.3745498429888076,0,0,0,0.0613649534670067,0,0,0,0.1208664736187387,0,0.3293559219706943,0,0.0527431708824004,0,PRDM5,LogisticRegression,mono,38555.0,-0.0527431708824004,-0.758060954389995
194,23,0.9047749064735991,0,0.7608069288714624,0,0.8408799660383162,0,0.9252222421878314,0,0,0,0.7935955053726105,0,0,0,0.8689228541033011,0,0,0,0.1382068204548306,0,0,0,0.0465966581851074,0,0,0,0.1065224767854037,0,0,0,0.0972809268746002,0,0.0394913891558701,0,0.0755020578114234,0,FAM200B,LogisticRegression,mono,957.0,-0.0755020578114234,-0.8408799660383162
202,27,0.7817459849114429,0,0.7975035451295854,0,0.8248896407131929,0,0.8074375997810396,0,0,0,0.8253033646941222,0,0,0,0.8716747545351113,0,0,0,0.0650271412567434,0,0,0,0.0598826007287522,0,0,0,0.0571755207596172,0,0,0,0.0478866257929483,0,0.0490873289075326,0,0.047933637659801,0,ZNF831,LogisticRegression,mono,,-0.047933637659801,-0.8248896407131929
203,21,0.8919495943792345,0,0.9218018602544924,0,0.573826217151351,0,0.9095410324627792,0,0,0,0.932763642197729,0,0,0,0.5770312437568238,0,0,0,0.2540636083569239,0,0,0,0.4568132460364416,0,0,0,0.0266726541034294,0,0,0,0.1847441726151616,0,0.4455594118830404,0,0.0398146090882684,0,ZBED9,LogisticRegression,mono,,-0.0398146090882684,-0.573826217151351
204,55,0.7995100144579224,0,0.8351729288327949,0,0.9127302372503426,0,0.8230896151769351,0,0,0,0.8514565077137681,0,0,0,0.8913631880788394,0,0,0,0.1267734510583731,0,0,0,0.210445327529137,0,0,0,0.2097067759062135,0,0,0,0.1014451684379431,0,0.1936371795798831,0,0.2409512718676477,0,YY1,LogisticRegression,mono,,-0.2409512718676477,-0.9127302372503426
205,34,0.8279910114916428,0,0.8469213346929898,0,0.7633155976262486,0,0.8581206134435425,0,0,0,0.8836850596289499,0,0,0,0.8192201612291872,0,0,0,0.2488795968643956,0,0,0,0.1216083222032843,0,0,0,0.0735945262007472,0,0,0,0.1160877733818803,0,0.0835462779512623,0,0.0531324113835032,0,MAX,LogisticRegression,mono,9289.0,-0.0531324113835032,-0.7633155976262486
213,29,0.7009091048993827,0,0.6902214628398283,0,0.5823346288434199,0,0.7741891943882842,0,0,0,0.7207360996549111,0,0,0,0.6069781332108142,0,0,0,0.0725664211605268,0,0,0,0.0519732296257922,0,0,0,0.0182880021374249,0,0,0,0.0418732802303773,0,0.0370598363838912,0,0.014753760893843,0,ZNF292,LogisticRegression,mono,545.0,-0.014753760893843,-0.5823346288434199
221,20,0.6761930483417756,0,0.6775207270408163,0,0.8851052117302065,0,0.6948645133812457,0,0,0,0.6920432577327806,0,0,0,0.8894866114526427,0,0,0,0.0974698070899382,0,0,0,0.0721661225954972,0,0,0,0.1927274711519392,0,0,0,0.0860939565239156,0,0.0588826370351012,0,0.173076066825583,0,RORB,LogisticRegression,mono,,-0.173076066825583,-0.8851052117302065
222,26,0.8173948521717896,0,0.8320338442929727,0,0.7963781881654297,0,0.8483608843441895,0,0,0,0.8583091036440892,0,0,0,0.8071297231058288,0,0,0,0.2872433906937668,0,0,0,0.155826918792257,0,0,0,0.0400340191793359,0,0,0,0.169492928151554,0,0.1047809480603611,0,0.0305926743442713,0,TET3,LogisticRegression,mono,,-0.0305926743442713,-0.7963781881654297
223,23,0.840980673650605,0,0.8308802492146489,0,0.8182892093839108,0,0.8550149168818049,0,0,0,0.8296766297527419,0,0,0,0.8515401421666282,0,0,0,0.0574785931712154,0,0,0,0.1255627634065964,0,0,0,0.072690272632016,0,0,0,0.0489927415773687,0,0.1232464894373578,0,0.0475148619666982,0,SP140L,LogisticRegression,mono,40773.0,-0.0475148619666982,-0.8182892093839108
231,20,0.9447063235789244,0,0.9247638941144852,0,0.7023776937618147,0,0.9557753355845328,0,0,0,0.9350184627788228,0,0,0,0.769011720226843,0,0,0,0.822348483725978,0,0,0,0.7420626716324666,0,0,0,0.3648186755046511,0,0,0,0.7949432261234772,0,0.7007959609466815,0,0.2928050559194077,0,ZFP3,LogisticRegression,mono,610.0,-0.2928050559194077,-0.7023776937618147
239,20,0.7481756969592839,0,0.7681763683835143,0,0.8305042251221827,0,0.8381999676830066,0,0,0,0.8525619613876098,0,0,0,0.9084787084599192,0,0,0,0.1520129730955478,0,0,0,0.1732932805603861,0,0,0,0.3086599864874345,0,0,0,0.078464831523534,0,0.0856369847056592,0,0.1596685565003477,0,ZNF43,LogisticRegression,mono,,-0.1596685565003477,-0.8305042251221827
240,20,0.6468410969846782,0,0.6192550134420802,0,0.6212526638057808,0,0.6927452448170928,0,0,0,0.668838903779385,0,0,0,0.7679676954962547,0,0,0,0.0567604426494397,0,0,0,0.0681829364954401,0,0,0,0.0452750957973314,0,0,0,0.0444246307761549,0,0.0476218206586372,0,0.1036882113230518,0,ZNF35,LogisticRegression,mono,,-0.1036882113230518,-0.6212526638057808
241,21,0.8964816679663313,0,0.9205037471351378,0,0.895950181089584,0,0.9068053799290544,0,0,0,0.928559392624396,0,0,0,0.9008190455511168,0,0,0,0.1160400208366062,0,0,0,0.2571363551951859,0,0,0,0.1125982179575851,0,0,0,0.0985823460424457,0,0.2306656835990357,0,0.1193331040841103,0,GCM1,LogisticRegression,mono,,-0.1193331040841103,-0.895950181089584
242,24,0.8457083161174,0,0.875915769988929,0,0.873037209303104,0,0.8507036734067948,0,0,0,0.8843637286326792,0,0,0,0.8967659698723274,0,0,0,0.0786573371735125,0,0,0,0.1324065036820688,0,0,0,0.0879691772385532,0,0,0,0.0712881822448734,0,0.1127962006945977,0,0.0614951697942299,0,PRDM13,LogisticRegression,mono,,-0.0614951697942299,-0.873037209303104
243,31,0.6851419493773603,0,0.618484245717811,0,0.8309557062263858,0,0.7305061390093942,0,0,0,0.7119744679017274,0,0,0,0.9736033331608094,0,0,0,0.1559966792432782,0,0,0,0.1678256332939115,0,0,0,0.7059476264607195,0,0,0,0.1533585840373284,0,0.1793637263899375,0,0.7255727137262822,0,TERF1,LogisticRegression,mono,664.0,-0.7255727137262822,-0.8309557062263858
251,21,0.7956489071781186,0,0.8225397977886266,0,0.6012579121847645,0,0.8012551879371294,0,0,0,0.8276881965971858,0,0,0,0.616337543149784,0,0,0,0.1452579108266523,0,0,0,0.1856998454551488,0,0,0,0.1836680977753178,0,0,0,0.1512344955474089,0,0.1854520248861944,0,0.3197294457026673,0,RFX5,LogisticRegression,mono,,-0.3197294457026673,-0.6012579121847645
252,26,0.892725589379034,0,0.9199989014099278,0,0.9432747045220846,0,0.9036922441383736,0,0,0,0.9328402817362892,0,0,0,0.9540840488313634,0,0,0,0.1337619134461036,0,0,0,0.2157197136938506,0,0,0,0.4680137081542355,0,0,0,0.1213760728036535,0,0.2034498448253519,0,0.4526278764551348,0,DMTF1,LogisticRegression,mono,14047.0,-0.4526278764551348,-0.9432747045220846
260,20,0.8465802543984947,0,0.8523779574125577,0,0.6913273278061225,0,0.8768665618025693,0,0,0,0.8715835582033903,0,0,0,0.7518341438137756,0,0,0,0.1610949134265248,0,0,0,0.0996343116426601,0,0,0,0.0463020185453328,0,0,0,0.1106357709229568,0,0.0725061168412559,0,0.0343906018014071,0,ZBTB8B,LogisticRegression,mono,,-0.0343906018014071,-0.6913273278061225
261,24,0.6824891719344343,0,0.6918853187256919,0,0.7993885497267353,0,0.6984874368634172,0,0,0,0.7136680011673218,0,0,0,0.8602604816847229,0,0,0,0.0229947912847321,0,0,0,0.023450650412494,0,0,0,0.0672393565750503,0,0,0,0.0210495105917451,0,0.0206885542081703,0,0.0386664382242238,0,SOX15,LogisticRegression,mono,,-0.0386664382242238,-0.7993885497267353
262,24,0.7780337373389318,0,0.6606916740521313,0,0.6566414335568884,0,0.7856947288661382,0,0,0,0.675620431297643,0,0,0,0.7136356801393422,0,0,0,0.0574212830794893,0,0,0,0.026563932348662,0,0,0,0.0334952717960791,0,0,0,0.0479532629978359,0,0.0226703986669187,0,0.0248290568361207,0,ZNF215,LogisticRegression,mono,,-0.0248290568361207,-0.6566414335568884
263,21,0.7506864436516645,0,0.736886318805762,0,0.6707981852237253,0,0.7757698680665966,0,0,0,0.7515079376773496,0,0,0,0.6755520332986472,0,0,0,0.0457631351431554,0,0,0,0.0307054578537974,0,0,0,0.0264686053510659,0,0,0,0.0445652441672077,0,0.0319040314817104,0,0.0298177941717661,0,BATF2,LogisticRegression,mono,,-0.0298177941717661,-0.6707981852237253
264,22,0.8028298250309506,0,0.8706338258282817,0,0.7835110490990246,0,0.8469199060334927,0,0,0,0.904875678895743,0,0,0,0.8195757328319377,0,0,0,0.1289633294069096,0,0,0,0.2400204439991772,0,0,0,0.3004215378231126,0,0,0,0.1195236980652143,0,0.2193539594966004,0,0.3004110263754815,0,ZNF335,LogisticRegression,mono,,-0.3004110263754815,-0.7835110490990246
265,24,0.7834506186427123,0,0.7986264719822281,0,0.9265062451633742,0,0.8089777142545498,0,0,0,0.8602587821934123,0,0,0,0.836850192053486,0,0,0,0.2116637390574119,0,0,0,0.2354887344931425,0,0,0,0.0729984177205753,0,0,0,0.1112945933458965,0,0.1115049272962888,0,0.0436662378654762,0,MYPOP,LogisticRegression,mono,,-0.0436662378654762,-0.9265062451633742
266,34,0.8612037416311171,0,0.8536706604437022,0,0.9551002998953928,0,0.8757469836649826,0,0,0,0.8707216811027834,0,0,0,0.980200455754712,0,0,0,0.4062736275350925,0,0,0,0.2091698482412764,0,0,0,0.5228642428409096,0,0,0,0.3692659839892641,0,0.1812844492568985,0,0.4277574352310693,0,ZNF646,LogisticRegression,mono,,-0.4277574352310693,-0.9551002998953928
267,20,0.7675262234578543,0,0.7386018431001891,0,0.9787721520415704,0,0.823629793975889,0,0,0,0.7607224952741021,0,0,0,0.9762624900559128,0,0,0,0.3053325236460041,0,0,0,0.2606263886274544,0,0,0,0.7516773959391265,0,0,0,0.2490790393514488,0,0.2163054107849825,0,0.7948040619566704,0,ZNF596,LogisticRegression,mono,,-0.7948040619566704,-0.9787721520415704
268,29,0.7406110804188661,0,0.6698772070302415,0,0.5519902584650825,0,0.7543980475288473,0,0,0,0.7155819641923689,0,0,0,0.6467108939542248,0,0,0,0.1198894330995179,0,0,0,0.129415922291895,0,0,0,0.0968665103577816,0,0,0,0.1172217269877581,0,0.1685637892344798,0,0.1020641969914757,0,NR1H4,LogisticRegression,mono,,-0.1020641969914757,-0.5519902584650825
269,41,0.9075863112493908,0,0.8830752378488831,0,0.7432213727126882,0,0.9199569094240492,0,0,0,0.8954720677423789,0,0,0,0.7545383788871721,0,0,0,0.4789634300671191,0,0,0,0.5139146373036733,0,0,0,0.4153086094338858,0,0,0,0.4425212855937398,0,0.5172016961872647,0,0.2310267208732327,0,ZNF606,LogisticRegression,mono,,-0.2310267208732327,-0.7432213727126882
270,28,0.8486134612912146,0,0.8302101950901397,0,0.9831726801694516,0,0.8602765903059445,0,0,0,0.8238391149138055,0,0,0,0.9821598318201948,0,0,0,0.1270816300146914,0,0,0,0.1607591226132972,0,0,0,0.5660463649590008,0,0,0,0.1188964555666253,0,0.1889292087391742,0,0.5983242233993012,0,USF3,LogisticRegression,mono,2814.0,-0.5983242233993012,-0.9831726801694516
278,20,0.7422458537364357,0,0.7063147814566763,0,0.7288945038003226,0,0.7640272307519858,0,0,0,0.7275717393922573,0,0,0,0.7955614344039036,0,0,0,0.0304163117608774,0,0,0,0.0246655103980638,0,0,0,0.0408930559200045,0,0,0,0.0260094161585695,0,0.0210654707750682,0,0.0414528542490675,0,SP140,LogisticRegression,mono,,-0.0414528542490675,-0.7288945038003226
279,20,0.963751074438539,0,0.9646156013513988,0,0.9823350444954146,0,0.9715750357189408,0,0,0,0.9719479366124892,0,0,0,0.9891235490553252,0,0,0,0.563360724721582,0,0,0,0.607648803043112,0,0,0,0.7337922289912261,0,0,0,0.4642814137408684,0,0.5182978220311648,0,0.6174592701148802,0,ZIM3,LogisticRegression,mono,,-0.6174592701148802,-0.9823350444954146
280,20,0.9349436386938998,0,0.940249654148669,0,0.8847861408670813,0,0.9495230701151288,0,0,0,0.9503431076067432,0,0,0,0.8857955479173524,0,0,0,0.3749354763216143,0,0,0,0.3641103404704035,0,0,0,0.3654242923575796,0,0,0,0.3150309820573999,0,0.3045024443086416,0,0.2417603722723311,0,CGGBP1,LogisticRegression,mono,,-0.2417603722723311,-0.8847861408670813
281,40,0.8591555251515853,0,0.860627057982894,0,0.9511685172112396,0,0.865081974878197,0,0,0,0.8760733948467884,0,0,0,0.9706909758140996,0,0,0,0.4809095028457082,0,0,0,0.5284173260725383,0,0,0,0.8423304341977408,0,0,0,0.4670087070934821,0,0.5048387307769027,0,0.8304242723235326,0,ZBTB47,LogisticRegression,mono,,-0.8304242723235326,-0.9511685172112396
282,20,0.882311943757213,0,0.8922258540809171,0,0.932274856303489,0,0.889980762728331,0,0,0,0.9006034716869895,0,0,0,0.9494985326465956,0,0,0,0.1796078475983332,0,0,0,0.2198654640586738,0,0,0,0.2415857111055197,0,0,0,0.1643070092751594,0,0.2015027836685846,0,0.2908926768408063,0,ZNF18,LogisticRegression,mono,,-0.2908926768408063,-0.932274856303489
283,29,0.8366193638598387,0,0.8132917933386742,0,0.9336218259603722,0,0.8488015336666527,0,0,0,0.818077420057288,0,0,0,0.9346911818395583,0,0,0,0.1052935980656151,0,0,0,0.1098475225773579,0,0,0,0.284241490694116,0,0,0,0.0984480699846689,0,0.1012072889499808,0,0.2786761616933506,0,ZBED2,LogisticRegression,mono,,-0.2786761616933506,-0.9336218259603722
284,29,0.977121702736014,0,0.9779312823361216,0,0.9623685545759147,0,0.983483506064383,0,0,0,0.982540195576072,0,0,0,0.9638233472440404,0,0,0,0.849637928953673,0,0,0,0.9288534726154898,0,0,0,0.604493708047769,0,0,0,0.818042092185792,0,0.9143342033133792,0,0.5559346809030891,0,ZNF865,LogisticRegression,mono,,-0.5559346809030891,-0.9623685545759147
285,20,0.6663752366707377,0,0.587943745405469,0,0.5761634936969385,0,0.7166622660825238,0,0,0,0.6134279119503706,0,0,0,0.5975962237558864,0,0,0,0.0375763276590567,0,0,0,0.0151095613884574,0,0,0,0.016115763046479,0,0,0,0.0258340837400518,0,0.015221100621452,0,0.0262541627616509,0,ZNF66,LogisticRegression,mono,,-0.0262541627616509,-0.5761634936969385
286,30,0.6809435029207653,0,0.6597548305734866,0,0.7235833843373463,0,0.7135295943993734,0,0,0,0.7134990781850358,0,0,0,0.7188133883563749,0,0,0,0.0862614807920045,0,0,0,0.1016801550673656,0,0,0,0.3465593058822501,0,0,0,0.0682593873164814,0,0.0906928583701111,0,0.2870225664276416,0,ZNF699,LogisticRegression,mono,2918.0,-0.2870225664276416,-0.7235833843373463
294,28,0.8610704223252486,0,0.8888855651536889,0,0.890891414186093,0,0.8617371535904355,0,0,0,0.8669246970483196,0,0,0,0.9062357794060776,0,0,0,0.5787847917367307,0,0,0,0.6588625848039698,0,0,0,0.6708419781104319,0,0,0,0.5652863995603798,0,0.6612951104597785,0,0.6125868552592583,0,ZNF696,LogisticRegression,mono,,-0.6125868552592583,-0.890891414186093
295,31,0.7550512864842729,0,0.7913124363221926,0,0.7068666577365287,0,0.7899232682722587,0,0,0,0.8112325390304027,0,0,0,0.760727189244648,0,0,0,0.2764713743343888,0,0,0,0.3525474238844567,0,0,0,0.2134825312044098,0,0,0,0.1523995838382311,0,0.201932534120189,0,0.0726272325618021,0,ZNF665,LogisticRegression,mono,,-0.0726272325618021,-0.7068666577365287
296,22,0.8890027428082512,0,0.89467623422971,0,0.9163150209703492,0,0.8902459958096038,0,0,0,0.9044711805512912,0,0,0,0.913271040294517,0,0,0,0.3516305872754537,0,0,0,0.5842962271537122,0,0,0,0.7893289995784138,0,0,0,0.342766788368356,0,0.571536634832448,0,0.7830885667136606,0,ZNF518B,LogisticRegression,mono,,-0.7830885667136606,-0.9163150209703492
297,20,0.943467616213152,0,0.9238920186450856,0,0.7755987585472595,0,0.9653068310657597,0,0,0,0.9452620892790756,0,0,0,0.8360543239315166,0,0,0,0.7551830089314312,0,0,0,0.779588500214536,0,0,0,0.3327497477950234,0,0,0,0.6660335049070152,0,0.678898312318284,0,0.2304839783382495,0,ZNF678,LogisticRegression,mono,187.0,-0.2304839783382495,-0.7755987585472595
305,28,0.827938979966732,0,0.8416954156502158,0,0.9392307503040404,0,0.8452083061182791,0,0,0,0.8605839992493901,0,0,0,0.9533342349443718,0,0,0,0.2109452070345948,0,0,0,0.2639544715675537,0,0,0,0.4945393806810832,0,0,0,0.1963843594828412,0,0.246356976255233,0,0.5664692613817438,0,ZNF732,LogisticRegression,mono,,-0.5664692613817438,-0.9392307503040404
306,36,0.7092862532065791,0,0.7341903114882664,0,0.5734800475984577,0,0.8511064584276445,0,0,0,0.8575599750648516,0,0,0,0.488834373805125,0,0,0,0.4250314272024891,0,0,0,0.4469722206219116,0,0,0,0.2221067261842235,0,0,0,0.2017382083466685,0,0.2091808484890695,0,0.2304844691891394,0,ZNF772,LogisticRegression,mono,,-0.2304844691891394,-0.5734800475984577
307,31,0.8891338750616736,0,0.8741565134737289,0,0.9111354895704632,0,0.9022371160338364,0,0,0,0.8841771605028514,0,0,0,0.9196727874721208,0,0,0,0.2545603151338336,0,0,0,0.229754813729435,0,0,0,0.4870108593327676,0,0,0,0.2154725383464082,0,0.1956166635969481,0,0.4458453289542485,0,ZNF721,LogisticRegression,mono,,-0.4458453289542485,-0.9111354895704632
308,20,0.7928145388502316,0,0.7231665482519095,0,0.6997726777080182,0,0.820022511616769,0,0,0,0.7443856677023014,0,0,0,0.7174374513520366,0,0,0,0.0917253064489696,0,0,0,0.0356372486766893,0,0,0,0.4487593385330063,0,0,0,0.0465775767302019,0,0.0254785686449299,0,0.389487430238321,0,ZNF676,LogisticRegression,mono,5201.0,-0.389487430238321,-0.6997726777080182
316,21,0.7583112055512095,0,0.7023440389660395,0,0.7380113651144641,0,0.7688628793939158,0,0,0,0.7398502747226986,0,0,0,0.7874219920655567,0,0,0,0.0516106566391277,0,0,0,0.0488154947962976,0,0,0,0.0658887318706073,0,0,0,0.0440821684514869,0,0.0528190541468622,0,0.037847093959388,0,ZNF70,LogisticRegression,mono,,-0.037847093959388,-0.7380113651144641
317,25,0.8054935282677392,0,0.8143882868847919,0,0.8761574629338941,0,0.81789118650255,0,0,0,0.824205817207791,0,0,0,0.8912552995594332,0,0,0,0.3770823634997493,0,0,0,0.416436893815075,0,0,0,0.528847574223942,0,0,0,0.3363578579544523,0,0.3725718566508808,0,0.489190784002121,0,ZNF724,LogisticRegression,mono,,-0.489190784002121,-0.8761574629338941
318,25,0.8617296198314717,0,0.8670511742794575,0,0.9599390932361672,0,0.8671077237479353,0,0,0,0.8739355798604449,0,0,0,0.9598601295763758,0,0,0,0.3879866644210338,0,0,0,0.4628543196808666,0,0,0,0.7184375022097369,0,0,0,0.3502530117773341,0,0.4204503645973039,0,0.6260080686951262,0,ZNF575,LogisticRegression,mono,573.0,-0.6260080686951262,-0.9599390932361672
326,20,0.9522684992364292,0,0.9658218224246302,0,0.8283205099059346,0,0.9760030542829377,0,0,0,0.9848906620497572,0,0,0,0.901219514467584,0,0,0,0.865938788367169,0,0,0,0.8978526736002017,0,0,0,0.6264082628613659,0,0,0,0.7936605488198485,0,0.8359767162158704,0,0.5623442267809782,0,ZNF814,LogisticRegression,mono,,-0.5623442267809782,-0.8283205099059346
327,24,0.6811105925841413,0,0.6437130726680809,0,0.7178564701678241,0,0.7431430640954144,0,0,0,0.686842223845738,0,0,0,0.7223940746972299,0,0,0,0.073108921298713,0,0,0,0.0449159714250263,0,0,0,0.3653760903914922,0,0,0,0.0484885156103186,0,0.0390748187406174,0,0.3455586419910048,0,ZNF551,LogisticRegression,mono,,-0.3455586419910048,-0.7178564701678241
328,21,0.8205508505955699,0,0.809610182158698,0,0.7880106900256035,0,0.8345904748432456,0,0,0,0.8251001523633409,0,0,0,0.8393323170053145,0,0,0,0.4940391625229364,0,0,0,0.5226714027367452,0,0,0,0.4181774636980256,0,0,0,0.3866834698468087,0,0.3981371597825499,0,0.3139563979511895,0,ZNF689,LogisticRegression,mono,,-0.3139563979511895,-0.7880106900256035
329,20,0.7958142166284332,0,0.8134157440420341,0,0.8222610213641272,0,0.8164442928885858,0,0,0,0.8851796772377557,0,0,0,0.9313962060424962,0,0,0,0.4049714278795217,0,0,0,0.4392681343071624,0,0,0,0.4726658630044335,0,0,0,0.2995781398968421,0,0.3618844701680255,0,0.3748008892138673,0,ZNF672,LogisticRegression,mono,,-0.3748008892138673,-0.8222610213641272
330,23,0.7193562599208243,0,0.7134124255588685,0,0.9051243588130444,0,0.7279227339008313,0,0,0,0.7275174280673926,0,0,0,0.9252666775748436,0,0,0,0.1778916063692452,0,0,0,0.2118532889780012,0,0,0,0.5546940039392351,0,0,0,0.1363856944869382,0,0.1746661641403032,0,0.4755272771111569,0,ZNF850,LogisticRegression,mono,,-0.4755272771111569,-0.9051243588130444
331,24,0.8526124788869962,0,0.869853642444649,0,0.7648173887576096,0,0.8916121310820607,0,0,0,0.9117149807323964,0,0,0,0.7475872569042471,0,0,0,0.327733218018238,0,0,0,0.2172929824270751,0,0,0,0.0582510794390221,0,0,0,0.1474950849390705,0,0.1149984337483915,0,0.0523032941871259,0,ZNF800,LogisticRegression,mono,,-0.0523032941871259,-0.7648173887576096
332,21,0.7730891262755102,0,0.7751904475140201,0,0.5312376676484887,0,0.8182077088647959,0,0,0,0.7848616809063194,0,0,0,0.446617861534502,0,0,0,0.4206445263434296,0,0,0,0.421041797706563,0,0,0,0.2328697007836208,0,0,0,0.279777022303602,0,0.3103740798752858,0,0.1856728586544366,0,ZNF773,LogisticRegression,mono,,-0.1856728586544366,-0.5312376676484887
333,20,0.7473400310980434,0,0.7339433385993039,0,0.5045243356329946,0,0.789834873083705,0,0,0,0.7810189313024465,0,0,0,0.6753644666206244,0,0,0,0.0810272566345317,0,0,0,0.0455519355921359,0,0,0,0.0166233253248922,0,0,0,0.0486888808701115,0,0.0332768334176747,0,0.0098400621140599,0,MGA,LogisticRegression,mono,,-0.0098400621140599,-0.5045243356329946
334,22,0.8641282454385053,0,0.8925543609539672,0,0.6265278632565399,0,0.8906382738102664,0,0,0,0.9109137735318222,0,0,0,0.6331089595137334,0,0,0,0.3849349465235597,0,0,0,0.4154548492343125,0,0,0,0.4778974310508705,0,0,0,0.348350246128797,0,0.4029614645499458,0,0.500346151183434,0,ZNF623,LogisticRegression,mono,,-0.500346151183434,-0.6265278632565399
335,21,0.826069567971307,0,0.8601745383010571,0,0.8110735746879324,0,0.8535485140784426,0,0,0,0.8844261164700646,0,0,0,0.8235605150132391,0,0,0,0.1168503865532843,0,0,0,0.1551846911219925,0,0,0,0.1454184731058452,0,0,0,0.0716989324026718,0,0.1056488974264122,0,0.0894786850834744,0,TTF1,LogisticRegression,mono,,-0.0894786850834744,-0.8110735746879324
336,20,0.9701576782006248,0,0.962381893860562,0,0.9444858986941196,0,0.9719635545032892,0,0,0,0.9782347554630594,0,0,0,0.9558326400016026,0,0,0,0.7783241096812754,0,0,0,0.7413026491858467,0,0,0,0.5937281254454352,0,0,0,0.7387283397800795,0,0.6858940526351494,0,0.4668636908523384,0,ZNF286B,LogisticRegression,mono,,-0.4668636908523384,-0.9444858986941196
337,22,0.7771497111148499,0,0.7812513249351443,0,0.7893521727949941,0,0.7914976667156972,0,0,0,0.7971550230536149,0,0,0,0.7892497174013785,0,0,0,0.0632084453554436,0,0,0,0.0669661750909712,0,0,0,0.0663570799655059,0,0,0,0.0610253894626705,0,0.0640147760297308,0,0.0724832685419537,0,ZNF700,LogisticRegression,mono,,-0.0724832685419537,-0.7893521727949941
338,25,0.8437551095503592,0,0.8594211663262279,0,0.9064873479304896,0,0.8909312072334125,0,0,0,0.9048770753484138,0,0,0,0.9245168505096656,0,0,0,0.1079189041523335,0,0,0,0.1136083593118671,0,0,0,0.1623805496835464,0,0,0,0.0676564868892474,0,0.0861889872268306,0,0.254223736302703,0,ZNF746,LogisticRegression,mono,,-0.254223736302703,-0.9064873479304896
339,28,0.7192641915138691,0,0.7083389578453674,0,0.7266839955457945,0,0.7377071005464331,0,0,0,0.731709416868109,0,0,0,0.800450380382969,0,0,0,0.1719569806730443,0,0,0,0.1904857782258385,0,0,0,0.3645753241426652,0,0,0,0.1380601658583249,0,0.1720162940702309,0,0.2579780017612565,0,ZNF728,LogisticRegression,mono,,-0.2579780017612565,-0.7266839955457945
340,24,0.6923500472879028,0,0.7078705454891003,0,0.6232529084861468,0,0.7471311940558809,0,0,0,0.7698945493700847,0,0,0,0.6015479599845144,0,0,0,0.1362134297196425,0,0,0,0.1679948291088237,0,0,0,0.1317501553921033,0,0,0,0.0804167233408251,0,0.0961734099570863,0,0.0935571014441593,0,ZNF845,LogisticRegression,mono,,-0.0935571014441593,-0.6232529084861468
341,27,0.8580364219777062,0,0.858349320526713,0,0.9505447922483236,0,0.8629793554914332,0,0,0,0.8643855225598623,0,0,0,0.9500196536721248,0,0,0,0.1766072693021545,0,0,0,0.1506715241856413,0,0,0,0.4589611183153,0,0,0,0.1502876146103703,0,0.1423468682736402,0,0.407026880266298,0,ZNF683,LogisticRegression,mono,487.0,-0.407026880266298,-0.9505447922483236
349,22,0.9160812818066284,0,0.9299150882742804,0,0.953669351061703,0,0.9259502378427928,0,0,0,0.9424864179868826,0,0,0,0.9639481512179536,0,0,0,0.1982868496093657,0,0,0,0.2815251358130949,0,0,0,0.2807733689523502,0,0,0,0.1724249065595365,0,0.2313828981397906,0,0.217988091448413,0,ZNF775,LogisticRegression,mono,,-0.217988091448413,-0.953669351061703
350,21,0.7423103754168888,0,0.7554921176959626,0,0.8183558411819021,0,0.7525986413336123,0,0,0,0.7730808370841509,0,0,0,0.8295842388427207,0,0,0,0.208716522627673,0,0,0,0.2267325816173585,0,0,0,0.3002878375666846,0,0,0,0.1699480031033096,0,0.2031287592037083,0,0.2825102753042085,0,ZNF57,LogisticRegression,mono,2365.0,-0.2825102753042085,-0.8183558411819021
358,24,0.8154278265743785,0,0.8146062106192923,0,0.6503250991888396,0,0.8300310036084462,0,0,0,0.8251395374506221,0,0,0,0.6702509774329506,0,0,0,0.4287300540029381,0,0,0,0.4390147762416754,0,0,0,0.2100531182050424,0,0,0,0.3635058408831199,0,0.3825937788251193,0,0.1461762544329459,0,ZNF836,LogisticRegression,mono,1953.0,-0.1461762544329459,-0.6503250991888396
