,Count,roc_auc_train_H_PWM,roc_auc_train_H_PWM_di,roc_auc_test_H_PWM,roc_auc_test_H_PWM_di,roc_auc_test_M_PWM,roc_auc_test_M_PWM_di,roc_auc_train_H,mean_auc_train_H,median_auc_train_H,std_auc_train_H,roc_auc_test_H,mean_auc_test_H,median_auc_test_H,std_auc_test_H,roc_auc_test_M,mean_auc_test_M,median_auc_test_M,std_auc_test_M,pr_auc_train_H,mean_pr_auc_train_H,median_pr_auc_train_H,std_pr_auc_train_H,pr_auc_test_H,mean_pr_auc_test_H,median_pr_auc_test_H,std_pr_auc_test_H,pr_auc_test_M,mean_pr_auc_test_M,median_pr_auc_test_M,std_pr_auc_test_M,pr_auc_train_H_PWM,pr_auc_train_H_PWM_di,pr_auc_test_H_PWM,pr_auc_test_H_PWM_di,pr_auc_test_M_PWM,pr_auc_test_M_PWM_di,TF_name,Model,PWM,Seq_count_positives,Seq_count_random,Seq_count_alien,Seq_count_shades
0,34,0.9578524578746018,0,0.9693119891344444,0,0.7697696681814631,0,0.9720990429032644,0,0,0,0.9776726143927292,0,0,0,0.7124189764171376,0,0,0,0.3398424326812927,0,0,0,0.4570739438134075,0,0,0,0.0356823234165623,0,0,0,0.1815861661366319,0,0.2752145535349554,0,0.0424887064066675,0,LEUTX,RandomForestClassifier,mono,7223,722300,510293,14388
1,20,0.9448462387849051,0,0.941943105219478,0,0.8979605948500508,0,0.9764190824470076,0,0,0,0.9601053477050656,0,0,0,0.91515502360438,0,0,0,0.3810277455548165,0,0,0,0.2460935847499477,0,0,0,0.1024622440506396,0,0,0,0.1712454895106966,0,0.1665274657845314,0,0.0860451927882725,0,FBXL19,RandomForestClassifier,mono,6182,618200,479884,11728
2,40,0.8660992644316604,0,0.8735031777525492,0,0.835817829303437,0,0.9248849958341598,0,0,0,0.9207775997623318,0,0,0,0.6612085625970805,0,0,0,0.317533821859728,0,0,0,0.2177460003450372,0,0,0,0.0967878866491874,0,0,0,0.193064833934855,0,0.2122779175120913,0,0.1231105761579986,0,ZBED5,RandomForestClassifier,mono,1535,153500,153500,3009
3,20,0.890119359027438,0,0.8832400071511912,0,0.7842213867442074,0,0.9398589992096053,0,0,0,0.8803567127103015,0,0,0,0.6323004865850976,0,0,0,0.7996605515529057,0,0,0,0.6561039767473276,0,0,0,0.1049515918489653,0,0,0,0.6741265801410297,0,0.5952595536288863,0,0.0792476272668236,0,ZFAT,RandomForestClassifier,mono,326,32600,32600,507
4,26,0.8767678705497323,0,0.7990760053827441,0,0.521958916772181,0,0.967587304681829,0,0,0,0.9345778557010508,0,0,0,0.5492451458335719,0,0,0,0.8857097581112526,0,0,0,0.6826242227046615,0,0,0,0.0481631364226833,0,0,0,0.7538585216621014,0,0.6434172335981679,0,0.0440744173872459,0,ZSCAN2,RandomForestClassifier,mono,278,27800,27800,546
5,34,0.987980052579342,0,0.9919696567814488,0,0.7088509019739,0,0.9913813361184098,0,0,0,0.992498836919,0,0,0,0.710233005740677,0,0,0,0.7812709364521875,0,0,0,0.8386690977782874,0,0,0,0.0645593635700837,0,0,0,0.7451025251762594,0,0.8215715297988777,0,0.0594496338038613,0,LEF1,RandomForestClassifier,mono,5752,575200,513934,11333
6,35,0.9639756064358244,0,0.9692082859973608,0,0.6827371135448226,0,0.9759733995909124,0,0,0,0.9784831400516192,0,0,0,0.6759296890655131,0,0,0,0.4555061101221742,0,0,0,0.584873979745814,0,0,0,0.0296561671674735,0,0,0,0.3260956610452029,0,0.4803090078016054,0,0.0216298972439679,0,ZNF395,RandomForestClassifier,mono,9400,940000,477367,17638
7,39,0.9124521084601868,0,0.928637770050918,0,0.9451276649408196,0,0.9575701812966284,0,0,0,0.9517478664674408,0,0,0,0.8620215149725854,0,0,0,0.3660314169871728,0,0,0,0.3096948710212641,0,0,0,0.3690912441569008,0,0,0,0.2694730259309435,0,0.3362085527353166,0,0.5563139992608946,0,ZFTA,RandomForestClassifier,mono,2326,232600,232600,4601
8,20,0.972409305579106,0,0.9691409966705332,0,0.8560481166020155,0,0.9845574771216972,0,0,0,0.9799297846382574,0,0,0,0.8132027229049617,0,0,0,0.7603601609308993,0,0,0,0.7656361072456095,0,0,0,0.2639626722282145,0,0,0,0.4245752249005141,0,0.447624958307131,0,0.1783327202232397,0,FOSL2,RandomForestClassifier,mono,4532,453200,453200,8989
9,22,0.7876623523653333,0,0.788768887412093,0,0.7604089997772332,0,0.8117187988703831,0,0,0,0.8038941807880601,0,0,0,0.7628394742704389,0,0,0,0.3699811388585239,0,0,0,0.3029262147525953,0,0,0,0.3146830197460774,0,0,0,0.3011296377460199,0,0.3122487273692759,0,0.2992223797497741,0,ZNF226,RandomForestClassifier,mono,4429,442900,442900,8537
10,27,0.8760825350972704,0,0.8723171398337113,0,0.8470819340919962,0,0.927686288486738,0,0,0,0.9170444887881078,0,0,0,0.8683050661670918,0,0,0,0.4420875854874305,0,0,0,0.3623272626913911,0,0,0,0.3460417660111832,0,0,0,0.2558351468443162,0,0.2370623352715087,0,0.2501859449572921,0,ZNF407,RandomForestClassifier,mono,1575,157500,157500,3050
11,20,0.9143069151852142,0,0.910010691970998,0,0.8988773468193119,0,0.97647244628919,0,0,0,0.9542394500317418,0,0,0,0.911186706769291,0,0,0,0.8773778222396869,0,0,0,0.7616083544090193,0,0,0,0.4714801592805793,0,0,0,0.767143526329641,0,0.7242826304814638,0,0.5968435122660084,0,ZNF260,RandomForestClassifier,mono,346,34600,34600,682
12,20,0.9543331820423276,0,0.9373793327087048,0,0.5066845622897088,0,0.9672687503134932,0,0,0,0.953971956305574,0,0,0,0.5612257568239393,0,0,0,0.8136402991282877,0,0,0,0.484344595117827,0,0,0,0.0212881686748715,0,0,0,0.6382165060336414,0,0.2890752943047792,0,0.0193871470154716,0,DNTTIP1,RandomForestClassifier,mono,2476,247600,247600,4824
13,41,0.8894676343556238,0,0.8797501896640038,0,0.7000299435509769,0,0.9272214964883624,0,0,0,0.9153992364033456,0,0,0,0.6794833077394034,0,0,0,0.6955928369416683,0,0,0,0.6418415206657877,0,0,0,0.1541309636830344,0,0,0,0.5982170399630397,0,0.5987516897783969,0,0.1474942716855311,0,JRK,RandomForestClassifier,mono,1833,183300,183300,3408
14,33,0.9300145729118868,0,0.9372838096895194,0,0.866904908263403,0,0.9549991229587782,0,0,0,0.951047353095865,0,0,0,0.8439510202680015,0,0,0,0.6951133959783439,0,0,0,0.6012754534840222,0,0,0,0.2353571502452957,0,0,0,0.5608255026660538,0,0.5293408348064915,0,0.1532776932675756,0,ZNF471,RandomForestClassifier,mono,2613,261300,261300,5130
15,25,0.8031099774931049,0,0.7858187194681777,0,0.8114331161842127,0,0.8966926725986656,0,0,0,0.847510982803291,0,0,0,0.6960753546854784,0,0,0,0.2533670194100117,0,0,0,0.1012747736487379,0,0,0,0.0361150682444459,0,0,0,0.0498096454009151,0,0.0389775509449173,0,0.0521246825988137,0,ZBTB8A,RandomForestClassifier,mono,1272,127200,127200,2528
16,23,0.9231780663976952,0,0.8900885180979191,0,0.854522275733515,0,0.9480821471484588,0,0,0,0.924130617854069,0,0,0,0.8746757047898099,0,0,0,0.6310251895989711,0,0,0,0.6053945674360136,0,0,0,0.4329198255803113,0,0,0,0.5201272552807142,0,0.4919483624875992,0,0.3576657789474775,0,ZNF251,RandomForestClassifier,mono,6019,601900,503019,11921
17,29,0.9621880776857962,0,0.9669892850130718,0,0.938531449440656,0,0.9689600743778478,0,0,0,0.9714524102666954,0,0,0,0.9413439418573613,0,0,0,0.4771948739108921,0,0,0,0.6604687143390262,0,0,0,0.769114697090824,0,0,0,0.4010742176797907,0,0.5898627666074377,0,0.7414643145032178,0,ZNF493,RandomForestClassifier,mono,11361,1136100,497035,22543
18,34,0.9315122843948488,0,0.9539078709643886,0,0.6097570069000716,0,0.9708418004486916,0,0,0,0.976688389083314,0,0,0,0.6162185637692943,0,0,0,0.5428281648453689,0,0,0,0.5676753496711529,0,0,0,0.0666421709217719,0,0,0,0.3156060343768798,0,0.3386801580353271,0,0.059922189356267,0,VDR,RandomForestClassifier,mono,4617,461700,461700,9129
19,20,0.8561876495606185,0,0.8665632036967537,0,0.6075457979707847,0,0.9464826296024452,0,0,0,0.9228062123391922,0,0,0,0.7906518441818475,0,0,0,0.7042163443942272,0,0,0,0.5852711543629976,0,0,0,0.1391726134305405,0,0,0,0.2074096964953077,0,0.194435553107305,0,0.0186551503629637,0,ZNF322,RandomForestClassifier,mono,876,87600,87600,1718
20,28,0.9622674680119176,0,0.9493204067304148,0,0.7944714722836755,0,0.9840280222336888,0,0,0,0.9714611779354184,0,0,0,0.808061243399785,0,0,0,0.7919288589593985,0,0,0,0.528354518792839,0,0,0,0.2867511994068397,0,0,0,0.5151693400611302,0,0.28339871021175,0,0.1518887605130913,0,NACC2,RandomForestClassifier,mono,4038,403800,403800,7975
21,40,0.8178759737499444,0,0.8272939677939691,0,0.645367599617262,0,0.9464424308426008,0,0,0,0.947294453817236,0,0,0,0.7638007886077471,0,0,0,0.6796653941666638,0,0,0,0.6786720457224025,0,0,0,0.2164396458874765,0,0,0,0.4229910660290212,0,0.4372240755446419,0,0.0747318763794802,0,ZNF107,RandomForestClassifier,mono,2324,232400,232400,4601
22,27,0.7896982776468616,0,0.8324427816008836,0,0.7585906353377755,0,0.8741618802484264,0,0,0,0.8720892453696003,0,0,0,0.7535160054448106,0,0,0,0.1871547074384252,0,0,0,0.1443564582960569,0,0,0,0.0477979914737881,0,0,0,0.0819261869789587,0,0.1234761406912921,0,0.0327677323594563,0,ZNF648,RandomForestClassifier,mono,6362,636200,497161,12500
23,20,0.934026751413046,0,0.9360696039832768,0,0.5234558823529412,0,0.9451718389570328,0,0,0,0.9491203101330548,0,0,0,0.6011061851211073,0,0,0,0.4924436064631163,0,0,0,0.5749292878950507,0,0,0,0.1248846046030011,0,0,0,0.3375909283673202,0,0.4087077246325313,0,0.1285642725233358,0,CAMTA2,RandomForestClassifier,mono,7908,790800,498492,15647
24,28,0.9429108632383202,0,0.9422768472993068,0,0.4434657546747761,0,0.965884358284818,0,0,0,0.9619730342061226,0,0,0,0.4497671297461888,0,0,0,0.7421784029055802,0,0,0,0.7217363490796991,0,0,0,0.0482256448817348,0,0,0,0.6386201638412791,0,0.6915475672150849,0,0.0389627441088815,0,ZNF841,RandomForestClassifier,mono,1966,196600,196600,3905
25,46,0.7774512964365433,0,0.7861133311691201,0,0.6945826811491002,0,0.9055818269690687,0,0,0,0.8770691499091194,0,0,0,0.5833816509320274,0,0,0,0.5188945890881741,0,0,0,0.3992831063931782,0,0,0,0.0558371146159822,0,0,0,0.302563852597579,0,0.3399482553814235,0,0.0865810219349753,0,TIGD4,RandomForestClassifier,mono,779,77900,77900,1518
26,31,0.7863798321422852,0,0.7639617390462841,0,0.7856407152684709,0,0.8509834032849256,0,0,0,0.8261376804373057,0,0,0,0.7757484032275177,0,0,0,0.3563871072099637,0,0,0,0.2118416132260946,0,0,0,0.2215578848173162,0,0,0,0.2036880851305027,0,0.1909879228491466,0,0.1527141771855483,0,ZNF470,RandomForestClassifier,mono,2701,270100,270100,5246
27,35,0.7790436961250493,0,0.7790898761518092,0,0.6972523410323993,0,0.9270972912546888,0,0,0,0.8946910565861323,0,0,0,0.7219367393777233,0,0,0,0.384901733064074,0,0,0,0.2787186047732413,0,0,0,0.1118568829643992,0,0,0,0.1682404701292091,0,0.190613877269222,0,0.0756092516471711,0,ZNF510,RandomForestClassifier,mono,3967,396700,396700,7835
28,24,0.8863325227827271,0,0.9353388664273176,0,0.9536520940467929,0,0.9357121458617296,0,0,0,0.9599076135012656,0,0,0,0.9535055501708962,0,0,0,0.1558168460333232,0,0,0,0.3303297114416575,0,0,0,0.4906483095919544,0,0,0,0.0602108840437436,0,0.161458722283912,0,0.462236751840962,0,ZNF384,RandomForestClassifier,mono,6652,665200,511606,13169
29,26,0.9640769800002276,0,0.9623688735170663,0,0.8752261902791849,0,0.9681518594133512,0,0,0,0.9660704840173108,0,0,0,0.8629599556854054,0,0,0,0.6903484731282776,0,0,0,0.7499136060527278,0,0,0,0.5074008747128993,0,0,0,0.6528770307731149,0,0.7380541963732112,0,0.4837883865790308,0,CTCF,RandomForestClassifier,mono,11114,1111400,496510,22024
30,20,0.9607056895679044,0,0.9514239512428396,0,0.8960788915434926,0,0.968774623714636,0,0,0,0.963938162924073,0,0,0,0.8781423541927913,0,0,0,0.8658462959883083,0,0,0,0.8267177896346061,0,0,0,0.5018483446839592,0,0,0,0.7866891219748077,0,0.7662647427491799,0,0.4826287992384865,0,ZNF134,RandomForestClassifier,mono,2715,271500,271500,5385
31,20,0.916075144866864,0,0.9224577902145972,0,0.8802084106902408,0,0.967381109068048,0,0,0,0.9563092444202514,0,0,0,0.9101662479361604,0,0,0,0.4271108854275589,0,0,0,0.5326874676097162,0,0,0,0.3017765226258579,0,0,0,0.1224811623306041,0,0.3337287473359657,0,0.112396628888861,0,KDM2A,RandomForestClassifier,mono,20339,2033900,442873,36229
32,32,0.9454231243401762,0,0.9579559075407488,0,0.7608820510233689,0,0.962767556005242,0,0,0,0.9698472134933884,0,0,0,0.8335927692891699,0,0,0,0.4617529228140586,0,0,0,0.539393673970529,0,0,0,0.2669556659600887,0,0,0,0.3001391029112101,0,0.3884403784296044,0,0.1313762261051302,0,TPRX1,RandomForestClassifier,mono,7887,788700,509610,15710
33,25,0.9506148796193072,0,0.9502590468865798,0,0.883303246374116,0,0.9690167822226536,0,0,0,0.966355402676996,0,0,0,0.8927601076342526,0,0,0,0.3702685438922944,0,0,0,0.5819993108550604,0,0,0,0.3332326358059632,0,0,0,0.2233108922579175,0,0.4591203062964949,0,0.2610437847284949,0,ELF3,RandomForestClassifier,mono,18174,1817400,483322,36079
34,23,0.9235151440200604,0,0.91002766258181,0,0.65300196138526,0,0.9586477673863616,0,0,0,0.9216276782090694,0,0,0,0.6162923808687429,0,0,0,0.537380491174967,0,0,0,0.3686871387554074,0,0,0,0.0136297595926853,0,0,0,0.3358704693906719,0,0.3093682364942904,0,0.0080241545508364,0,SRY,RandomForestClassifier,mono,1852,185200,185200,3575
35,43,0.8896150960341425,0,0.8478179777021903,0,0.893343948240798,0,0.926211857992708,0,0,0,0.8890291776608704,0,0,0,0.852691597999599,0,0,0,0.5297957642820782,0,0,0,0.4221973917646907,0,0,0,0.1337891509491645,0,0,0,0.400275822839663,0,0.3617496503370547,0,0.0923684883174618,0,ZNF131,RandomForestClassifier,mono,1419,141900,141900,2782
36,102,0.838402956086354,0,0.9569041396371588,0,0.7229723199189021,0,0.9042440923535066,0,0,0,0.9658887517594902,0,0,0,0.7714293909709516,0,0,0,0.2050157779300262,0,0,0,0.4728709794692819,0,0,0,0.0512715223501432,0,0,0,0.0798643300078763,0,0.331403010731355,0,0.0454984267827538,0,SALL3,RandomForestClassifier,mono,5315,531500,513470,10541
37,20,0.9528224135802468,0,0.953998827795367,0,0.7695515566748001,0,0.9740689814814816,0,0,0,0.97109439340393,0,0,0,0.6418611930162003,0,0,0,0.8373378554747983,0,0,0,0.7831419247216321,0,0,0,0.1108219682497344,0,0,0,0.6537430735990193,0,0.6647322201556168,0,0.1245673246558138,0,PRDM10,RandomForestClassifier,mono,794,79400,79400,1534
38,27,0.9958844077043626,0,0.9963344273151852,0,0.9250370695213802,0,0.9966754651612046,0,0,0,0.9961874041604544,0,0,0,0.8513431822253602,0,0,0,0.9087933283224584,0,0,0,0.959296265459319,0,0,0,0.4269225271016389,0,0,0,0.8556075214912293,0,0.932942823944397,0,0.4483998219757691,0,NFKB1,RandomForestClassifier,mono,8969,896900,507424,17858
39,28,0.9382523456616678,0,0.9520611161968064,0,0.9149078172216966,0,0.9485156274832064,0,0,0,0.9542707435362636,0,0,0,0.913454412258478,0,0,0,0.4850725610419032,0,0,0,0.5018249645672872,0,0,0,0.5586568066029449,0,0,0,0.3834168952551839,0,0.4367044351153027,0,0.4379454195115826,0,ZNF726,RandomForestClassifier,mono,4042,404200,404200,8049
40,20,0.8998027446272627,0,0.8745192722105092,0,0.71511880036993,0,0.9618674528634984,0,0,0,0.8604403662244173,0,0,0,0.7140201347602061,0,0,0,0.8210622078091828,0,0,0,0.6751471376443214,0,0,0,0.2602269348436842,0,0,0,0.7648065280962065,0,0.670109735263745,0,0.2319430879311075,0,GLI4,RandomForestClassifier,mono,293,29300,29300,578
41,20,0.9372335403847204,0,0.9323429124699028,0,0.7697096029576564,0,0.9472515493581232,0,0,0,0.9384930311334776,0,0,0,0.7647314984132969,0,0,0,0.6735444732090068,0,0,0,0.584427248268471,0,0,0,0.332500258626231,0,0,0,0.5670421531384253,0,0.5607745344639286,0,0.3246543123188475,0,ZNF20,RandomForestClassifier,mono,1274,127400,127400,2518
42,18,0.8359712247324613,0,0.8176799450987903,0,0.6294349734949075,0,0.9520634958382878,0,0,0,0.8868781320820964,0,0,0,0.7252014124178817,0,0,0,0.695536185589079,0,0,0,0.4733697949827561,0,0,0,0.2034869334691478,0,0,0,0.4148618058708477,0,0.3167043902181624,0,0.1386905962293532,0,ZNF264,RandomForestClassifier,mono,177,17700,17700,346
43,23,0.9520280075799628,0,0.9619535783001962,0,0.9093876475792771,0,0.962144239037986,0,0,0,0.9664430970850786,0,0,0,0.9275445976226898,0,0,0,0.455978111211741,0,0,0,0.4667686712853756,0,0,0,0.4695182123586273,0,0,0,0.294952165320538,0,0.3613325178159797,0,0.3289567818237524,0,ZNF780B,RandomForestClassifier,mono,5790,579000,508069,11494
44,29,0.934034713405924,0,0.9307603509345016,0,0.8626008069784622,0,0.977275095891949,0,0,0,0.9731131997405488,0,0,0,0.8759320125976614,0,0,0,0.5520652700947862,0,0,0,0.69543321470495,0,0,0,0.3000590475338537,0,0,0,0.3029824683087497,0,0.4832000087644167,0,0.2637400593383641,0,FLI1,RandomForestClassifier,mono,16616,1661600,473157,32916
45,48,0.8168663326995388,0,0.804025885891557,0,0.7508724204938746,0,0.9153233132195064,0,0,0,0.8903578695454245,0,0,0,0.7780161541814332,0,0,0,0.4035199102987093,0,0,0,0.2631245867358442,0,0,0,0.0656104774746342,0,0,0,0.2317218121450612,0,0.1705568389461829,0,0.0557437029585838,0,CAMTA1,RandomForestClassifier,mono,2257,225700,225700,4400
46,25,0.8760031441989603,0,0.839092072327719,0,0.6717219577788439,0,0.9256944012878072,0,0,0,0.883712003800409,0,0,0,0.6825806797808136,0,0,0,0.5533267030829704,0,0,0,0.418075319602215,0,0,0,0.0906004057002695,0,0,0,0.4216161386212771,0,0.3193274462682604,0,0.0731598508163555,0,CREB3L3,RandomForestClassifier,mono,1592,159200,159200,3104
47,27,0.948887199194155,0,0.9513449168304706,0,0.8520471960410014,0,0.9586369982313648,0,0,0,0.9573963200234484,0,0,0,0.7611867284752648,0,0,0,0.6360633488858641,0,0,0,0.6327910620715752,0,0,0,0.1570895082319926,0,0,0,0.5220685904553235,0,0.5635813622157974,0,0.1675099653806223,0,ZSCAN25,RandomForestClassifier,mono,1916,191600,191600,3794
48,20,0.8994041298482711,0,0.865405465118156,0,0.6726851428474656,0,0.9599643186431028,0,0,0,0.9152555506682596,0,0,0,0.6436884197869566,0,0,0,0.7727208126520597,0,0,0,0.2466472867303393,0,0,0,0.1199224007811141,0,0,0,0.3148488334479758,0,0.0645495225670075,0,0.0086369594698108,0,ZNF234,RandomForestClassifier,mono,704,70400,70400,1338
49,25,0.976843800628462,0,0.9752093917516764,0,0.7487527051933361,0,0.9866012795188585,0,0,0,0.9807248608602406,0,0,0,0.6944293659300385,0,0,0,0.8109244181630944,0,0,0,0.7047360800514455,0,0,0,0.2647596758926519,0,0,0,0.7457215845978562,0,0.6558543367487827,0,0.2885178350273232,0,TIGD3,RandomForestClassifier,mono,2672,267200,267200,5304
50,39,0.7940605768353556,0,0.7730597305297852,0,0.8113902547474383,0,0.8759387897665811,0,0,0,0.8244167566299438,0,0,0,0.8458100976465269,0,0,0,0.2485595634061886,0,0,0,0.1370731644239117,0,0,0,0.0664052929943001,0,0,0,0.107255511008093,0,0.1275513759229148,0,0.0416891656049575,0,RLF,RandomForestClassifier,mono,1024,102400,102400,2002
51,23,0.935738430600741,0,0.9635760138190184,0,0.9140361883755468,0,0.9450748186810236,0,0,0,0.971189152002703,0,0,0,0.9189281264350916,0,0,0,0.1695951956950765,0,0,0,0.6398369290156046,0,0,0,0.4089082220194237,0,0,0,0.1345960867961778,0,0.5648744267413839,0,0.3638213571500173,0,ZNF367,RandomForestClassifier,mono,31393,3139300,483400,62547
52,38,0.937707896255149,0,0.9496206312294478,0,0.8622479650817443,0,0.9760475304914866,0,0,0,0.9700289738388568,0,0,0,0.7181276927355137,0,0,0,0.7525872970122496,0,0,0,0.6868914902150646,0,0,0,0.1941660659826941,0,0,0,0.6508090027072995,0,0.6427526499614569,0,0.2383672025135304,0,MSANTD1,RandomForestClassifier,mono,1313,131300,131300,2614
53,28,0.9429979750423164,0,0.9507357733992452,0,0.7784798698737891,0,0.9728007488401732,0,0,0,0.9687568048384924,0,0,0,0.7572975954064257,0,0,0,0.8885856482090846,0,0,0,0.8982221543335839,0,0,0,0.4182505241691015,0,0,0,0.8402688735230346,0,0.8691744652626429,0,0.384388292018952,0,ZBTB40,RandomForestClassifier,mono,3143,314300,314300,6265
54,24,0.921605739616077,0,0.8969236416753702,0,0.5425579460327236,0,0.9652048046706386,0,0,0,0.9448995508722782,0,0,0,0.5611407108454054,0,0,0,0.4489595743276827,0,0,0,0.2064269065108665,0,0,0,0.0173270115931144,0,0,0,0.182815073859921,0,0.1263137669061409,0,0.015915979705198,0,MKX,RandomForestClassifier,mono,1983,198300,198300,3888
55,58,0.9211147333382256,0,0.9524189439960784,0,0.9329514101545934,0,0.9697671613593984,0,0,0,0.969558481119028,0,0,0,0.96088541991697,0,0,0,0.5064844149216567,0,0,0,0.4737894945180682,0,0,0,0.6027982842049094,0,0,0,0.2008375750520183,0,0.279177508352082,0,0.457937942330168,0,ZNF362,RandomForestClassifier,mono,478,47800,47800,947
56,26,0.982776676942468,0,0.9899861546839384,0,0.6348213684290411,0,0.9900099634743524,0,0,0,0.991884621081056,0,0,0,0.5287187423755867,0,0,0,0.8718693895841607,0,0,0,0.916792215051638,0,0,0,0.0249310011240169,0,0,0,0.8234533132132432,0,0.886043198211502,0,0.0354428399246816,0,PAX7,RandomForestClassifier,mono,3945,394500,394500,7866
57,36,0.937968499143509,0,0.9417032280770998,0,0.6838984147441941,0,0.9564828738681708,0,0,0,0.9541014559832478,0,0,0,0.6761910117659626,0,0,0,0.5370790603702902,0,0,0,0.4806761497566046,0,0,0,0.0830679954398747,0,0,0,0.3775459843120285,0,0.3685890098430813,0,0.0642705334248347,0,ZNF48,RandomForestClassifier,mono,3652,365200,365200,7177
58,20,0.7760235758159701,0,0.7074665289292801,0,0.6324991206782556,0,0.9166602760133844,0,0,0,0.8196205467864229,0,0,0,0.714870373416311,0,0,0,0.3414340664197149,0,0,0,0.0632871555556808,0,0,0,0.0196728233450791,0,0,0,0.0637757515075284,0,0.022288514119849,0,0.0101542506893531,0,SP100,RandomForestClassifier,mono,672,67200,67200,1254
59,24,0.8899782076963036,0,0.8801747298356739,0,0.7164037192884781,0,0.9820593133304152,0,0,0,0.9709670127082414,0,0,0,0.7792813462331967,0,0,0,0.6253216485769348,0,0,0,0.5087581236506125,0,0,0,0.0879167692861559,0,0,0,0.3057769022588587,0,0.3460239211122658,0,0.05692724329353,0,GABPA,RandomForestClassifier,mono,8634,863400,492529,17136
60,28,0.9055299322637664,0,0.905870461731391,0,0.7287607745468739,0,0.9483671579809108,0,0,0,0.9443078671377588,0,0,0,0.7702343910542554,0,0,0,0.4943389191274528,0,0,0,0.4629442174304575,0,0,0,0.1816074824904843,0,0,0,0.3571335151441681,0,0.3670166925066301,0,0.1356333495866917,0,ZNF347,RandomForestClassifier,mono,3762,376200,376200,7299
61,20,0.8074631947736887,0,0.8061656477464233,0,0.7747511880662684,0,0.8963826819942244,0,0,0,0.8181155652766323,0,0,0,0.540175649633192,0,0,0,0.4922134501113476,0,0,0,0.3131182659400685,0,0,0,0.0781461833045443,0,0,0,0.2188737912138884,0,0.253356474915911,0,0.1475420884217951,0,ZNF770,RandomForestClassifier,mono,334,33400,33400,655
62,21,0.9531147346291512,0,0.9542082882639265,0,0.9530852790997422,0,0.9690426343265018,0,0,0,0.9554043131422392,0,0,0,0.9807270300932812,0,0,0,0.8848933784224673,0,0,0,0.8699724729133479,0,0,0,0.8903797174920592,0,0,0,0.8309046044101799,0,0.8600504091043413,0,0.8777053434460274,0,ZNF436,RandomForestClassifier,mono,860,86000,86000,1719
63,36,0.9309820618921396,0,0.9137005700005424,0,0.8467865104177427,0,0.9532365137216996,0,0,0,0.9295259348551432,0,0,0,0.7902275870655152,0,0,0,0.6418963121020127,0,0,0,0.5060131093191955,0,0,0,0.0619262267967076,0,0,0,0.4859579013666781,0,0.4241321241162074,0,0.0688772432493578,0,SLC2A4RG,RandomForestClassifier,mono,768,76800,76800,1505
64,20,0.8421923700827406,0,0.8424876652829902,0,0.8248413975641958,0,0.8871130062418349,0,0,0,0.8735129950450448,0,0,0,0.8351413225158231,0,0,0,0.3280871072737247,0,0,0,0.2760099494525362,0,0,0,0.2246509774207025,0,0,0,0.1414596754846621,0,0.1656516695684946,0,0.1145385966405059,0,ZBTB41,RandomForestClassifier,mono,1343,134300,134300,2642
65,24,0.9793933830638648,0,0.9730315988132028,0,0.8600711626803843,0,0.9889954222204024,0,0,0,0.9837832621277104,0,0,0,0.8586886264308132,0,0,0,0.9267914331553468,0,0,0,0.8977287276615329,0,0,0,0.2278195199529193,0,0,0,0.8789230370589337,0,0.8577189803878613,0,0.2241478235074964,0,FIZ1,RandomForestClassifier,mono,1096,109600,109600,2155
66,20,0.9289675890380366,0,0.9381443260284504,0,0.9297375898454726,0,0.9586934610912629,0,0,0,0.955113602460592,0,0,0,0.9605802164929238,0,0,0,0.8519281778200436,0,0,0,0.872522173381207,0,0,0,0.79948561841863,0,0,0,0.6910420564958577,0,0.8095847417624018,0,0.6444145594773367,0,ZNF250,RandomForestClassifier,mono,1275,127500,127500,2536
67,30,0.9133540833048676,0,0.884008473146781,0,0.8746101115250688,0,0.9562543650955436,0,0,0,0.9170828577046676,0,0,0,0.8629982599347588,0,0,0,0.402749286956895,0,0,0,0.1785620574881146,0,0,0,0.0699663972533109,0,0,0,0.200631464825008,0,0.0951603236678248,0,0.0284242501188986,0,CXXC4,RandomForestClassifier,mono,3232,323200,323200,6302
68,26,0.9798962012296598,0,0.9677686908512824,0,0.6310655588020453,0,0.9881581418731508,0,0,0,0.9731321806646784,0,0,0,0.558834104374645,0,0,0,0.936570278376303,0,0,0,0.7418879447387793,0,0,0,0.0409111818068914,0,0,0,0.8758568766947377,0,0.6660670758277538,0,0.0274842044928825,0,ZNF233,RandomForestClassifier,mono,2169,216900,216900,4269
69,20,0.9171619715528574,0,0.915809018920068,0,0.7487789247813817,0,0.94196560051004,0,0,0,0.9328389402636056,0,0,0,0.7509396421214604,0,0,0,0.7552830038483733,0,0,0,0.6761918879243428,0,0,0,0.0611129403985194,0,0,0,0.5591422066590592,0,0.5666484364618557,0,0.0473573407475041,0,ZNF142,RandomForestClassifier,mono,336,33600,33600,670
70,35,0.9658033575298904,0,0.9684521049008608,0,0.840788818114745,0,0.9795577573465144,0,0,0,0.9808066905766576,0,0,0,0.795933704661457,0,0,0,0.6718422939692338,0,0,0,0.7596387713894959,0,0,0,0.1552794544144839,0,0,0,0.5193502234142706,0,0.6469075919151918,0,0.1302306508022145,0,MYF6,RandomForestClassifier,mono,7995,799500,503302,15904
71,68,0.8574746840613878,0,0.8582352635129255,0,0.7525547861935595,0,0.9370506419893146,0,0,0,0.9092830733267364,0,0,0,0.7016003452480389,0,0,0,0.2495967336950806,0,0,0,0.1384639594089909,0,0,0,0.0579434338767758,0,0,0,0.1024311805103894,0,0.1137836428312737,0,0.0697686228155392,0,SOX2,RandomForestClassifier,mono,5603,560300,498482,10773
72,30,0.9342663558792924,0,0.8937948560783607,0,0.6537831574668322,0,0.9809899105098856,0,0,0,0.942019494020792,0,0,0,0.6514272779180492,0,0,0,0.7548399838398436,0,0,0,0.3049765886505445,0,0,0,0.0278774835084749,0,0,0,0.400508358972207,0,0.1736129354998246,0,0.0159983750378617,0,ZNF500,RandomForestClassifier,mono,645,64500,64500,1232
73,34,0.9747424863663666,0,0.9827265906162156,0,0.7181746255074631,0,0.9987275552527178,0,0,0,0.9944630480940648,0,0,0,0.5926829132772199,0,0,0,0.9860047156595244,0,0,0,0.97380930770341,0,0,0,0.1064569679714483,0,0,0,0.953557674330794,0,0.9542972258147498,0,0.110791071140454,0,FLYWCH1,RandomForestClassifier,mono,774,77400,77400,79
74,28,0.817657129623686,0,0.8251656535942579,0,0.8224489775563015,0,0.8803047237713487,0,0,0,0.8769183059544133,0,0,0,0.8289177553226311,0,0,0,0.2897855422508876,0,0,0,0.2510427981037164,0,0,0,0.2197309066117383,0,0,0,0.1469784854136631,0,0.154416497969529,0,0.1488629289862355,0,PRDM5,RandomForestClassifier,mono,3708,370800,370800,7252
75,20,0.9399836127519507,0,0.9205470792570628,0,0.7821572770183731,0,0.9609880604675,0,0,0,0.9335895351748734,0,0,0,0.7880922455557631,0,0,0,0.4810251426510182,0,0,0,0.3835992685897275,0,0,0,0.0659430852374262,0,0,0,0.2892332808352196,0,0.2882736256983039,0,0.0539321809606669,0,FAM200B,RandomForestClassifier,mono,887,88700,88700,1753
76,28,0.9105987818724228,0,0.9388034999084538,0,0.7746305923909929,0,0.9349158202521228,0,0,0,0.951819270835618,0,0,0,0.7699873739939094,0,0,0,0.1969275396323617,0,0,0,0.2302632945812428,0,0,0,0.0442485329920308,0,0,0,0.1072822694529687,0,0.1492360435997122,0,0.0416970001620171,0,ZNF831,RandomForestClassifier,mono,4962,496200,496200,9763
77,20,0.9568698923514046,0,0.9596037173627052,0,0.754447994034343,0,0.9704524447035604,0,0,0,0.9736366052929628,0,0,0,0.7387119494588568,0,0,0,0.5480086659246357,0,0,0,0.6335895683252882,0,0,0,0.058222161810109,0,0,0,0.4198244377691977,0,0.4844459342465363,0,0.0496776563903233,0,ZBED9,RandomForestClassifier,mono,7744,774400,508820,15372
78,33,0.9479201776998276,0,0.9530150070959572,0,0.779952646393493,0,0.9592161192333596,0,0,0,0.962155960892234,0,0,0,0.7680631079453341,0,0,0,0.4777021144580077,0,0,0,0.5309814996444521,0,0,0,0.185412514302721,0,0,0,0.3831868279106411,0,0.4495842888535956,0,0.1806309564833304,0,YY1,RandomForestClassifier,mono,8195,819500,501287,16143
79,32,0.957357458847492,0,0.941306973055184,0,0.8109984359948409,0,0.9690247132744176,0,0,0,0.9529242617045208,0,0,0,0.806513833589763,0,0,0,0.3717282043612837,0,0,0,0.4090926592223632,0,0,0,0.0406861554820907,0,0,0,0.2819497542686194,0,0.3714820615168712,0,0.0272405322231551,0,MAX,RandomForestClassifier,mono,12534,1253400,464783,24361
80,52,0.8305667608323982,0,0.8279332984975225,0,0.5829950677552395,0,0.9076473703996224,0,0,0,0.8852916944114975,0,0,0,0.6064199309822406,0,0,0,0.3999143397328936,0,0,0,0.1920099851745671,0,0,0,0.0143774533503218,0,0,0,0.1693172858835921,0,0.0695812099325454,0,0.0129317370602013,0,ZNF292,RandomForestClassifier,mono,4097,409700,409700,8019
81,32,0.897224631577271,0,0.9105682163253304,0,0.664269944794324,0,0.9339661915976482,0,0,0,0.9339752745855836,0,0,0,0.6684840860172194,0,0,0,0.3410894274001454,0,0,0,0.3218817839719926,0,0,0,0.0705007899522462,0,0,0,0.2011331003465329,0,0.2407891874149009,0,0.070225262612275,0,RORB,RandomForestClassifier,mono,3354,335400,335400,6565
82,27,0.869478431753703,0,0.8210490441104034,0,0.8293328817611237,0,0.933366806278195,0,0,0,0.8673167441975167,0,0,0,0.8473172615807044,0,0,0,0.2224836952936406,0,0,0,0.0662678160474053,0,0,0,0.0846215735055509,0,0,0,0.074605812033731,0,0.0419991099154524,0,0.0681500987894693,0,TET3,RandomForestClassifier,mono,2783,278300,278300,5426
83,38,0.8845080032856579,0,0.8591518106911574,0,0.6692571549728417,0,0.9440057559075398,0,0,0,0.9074945241114186,0,0,0,0.7182833530902933,0,0,0,0.3188685609260827,0,0,0,0.0924281051749478,0,0,0,0.0538536901681511,0,0,0,0.0889556827745942,0,0.0695552557920774,0,0.0695455241573284,0,SP140L,RandomForestClassifier,mono,4031,403100,403100,7840
84,34,0.8454124761936583,0,0.7375296786389414,0,0.7776673877989788,0,0.9662481205519732,0,0,0,0.9024253308128544,0,0,0,0.918351289975813,0,0,0,0.7985365898691493,0,0,0,0.4958396257722265,0,0,0,0.6435759501324276,0,0,0,0.501606445591328,0,0.3334748709333094,0,0.6142694464503448,0,ZFP3,RandomForestClassifier,mono,115,11500,11500,229
85,52,0.7444200281595417,0,0.8270752808976831,0,0.7590513025784721,0,0.8736964549006244,0,0,0,0.9103947122521252,0,0,0,0.8430582247703777,0,0,0,0.2554426123121878,0,0,0,0.4043227639728671,0,0,0,0.152569652577431,0,0,0,0.0886736626909381,0,0.2008728254474181,0,0.0348281582766552,0,ZNF43,RandomForestClassifier,mono,9714,971400,509094,19356
86,34,0.9486417513542326,0,0.9462756271445892,0,0.5964087700750244,0,0.9547701164128382,0,0,0,0.9533584781692624,0,0,0,0.5288628855177249,0,0,0,0.7261404289267512,0,0,0,0.6666488059018483,0,0,0,0.0202062967575259,0,0,0,0.5491427528251405,0,0.5547811676040196,0,0.0258117715820782,0,ZNF35,RandomForestClassifier,mono,1705,170500,170500,3382
87,31,0.9082359252192966,0,0.923202708462428,0,0.902743000568398,0,0.9320876828392352,0,0,0,0.9348786738542096,0,0,0,0.8882840088572083,0,0,0,0.2727055264914909,0,0,0,0.2763078227198386,0,0,0,0.1994692212069966,0,0,0,0.1631018444556842,0,0.18899311782403,0,0.153715642593728,0,GCM1,RandomForestClassifier,mono,5735,573500,496942,11313
88,55,0.9087565205503878,0,0.9303942304436144,0,0.8647022204095192,0,0.9291693639374562,0,0,0,0.9423885161409008,0,0,0,0.8386803999538073,0,0,0,0.1933608235171663,0,0,0,0.2503981226506477,0,0,0,0.1113340292075769,0,0,0,0.1423516693255005,0,0.2153867522239752,0,0.110695187193378,0,PRDM13,RandomForestClassifier,mono,6143,614300,501896,12186
89,31,0.9836612814976388,0,0.9781139278505252,0,0.6940741580780955,0,0.991108907837046,0,0,0,0.9828597381087936,0,0,0,0.6865185100341125,0,0,0,0.8576282434393577,0,0,0,0.798769410176049,0,0,0,0.1830043995971594,0,0,0,0.7309513864743624,0,0.7465821633838999,0,0.1732682929335078,0,TERF1,RandomForestClassifier,mono,695,69500,69500,1307
90,20,0.784772864518262,0,0.7798224098444938,0,0.7869862809350542,0,0.8900929773325581,0,0,0,0.8611770376379625,0,0,0,0.6876974084571484,0,0,0,0.530587602905811,0,0,0,0.4270824940167573,0,0,0,0.0997461701354098,0,0,0,0.3986405344211265,0,0.373976827113192,0,0.1364693973420213,0,RFX5,RandomForestClassifier,mono,774,77400,77400,1485
91,33,0.98232012730977,0,0.9823636270921134,0,0.8557841127189236,0,0.9886750136129874,0,0,0,0.9864937982309572,0,0,0,0.8190679600544668,0,0,0,0.8653323562601731,0,0,0,0.8539097571635775,0,0,0,0.1944006709956761,0,0,0,0.8036911772234872,0,0.8195695334056463,0,0.1807453117819359,0,DMTF1,RandomForestClassifier,mono,2737,273700,273700,5421
92,20,0.8190024594907407,0,0.8780824497767857,0,0.7776444541360733,0,0.915506606867284,0,0,0,0.8914587651466837,0,0,0,0.7420256225527596,0,0,0,0.4900001063413646,0,0,0,0.1753981527633538,0,0,0,0.0467558224635765,0,0,0,0.2415934938539719,0,0.2525398909645436,0,0.0500034581463162,0,ZBTB8B,RandomForestClassifier,mono,224,22400,22400,413
93,47,0.9082586744411496,0,0.9094213097118594,0,0.6854072244419555,0,0.945431473513859,0,0,0,0.9411192903765492,0,0,0,0.6401843620973876,0,0,0,0.3803470092406697,0,0,0,0.3370514255136717,0,0,0,0.0172859063057987,0,0,0,0.1595820840785562,0,0.1598447316510883,0,0.0082351304462844,0,SOX15,RandomForestClassifier,mono,3394,339400,339400,6649
94,20,0.8330471451730089,0,0.8114002250169837,0,0.6367774115396704,0,0.901449673706006,0,0,0,0.8509024353568453,0,0,0,0.676211297130393,0,0,0,0.2832745930086769,0,0,0,0.1567696076199939,0,0,0,0.0232263090355714,0,0,0,0.09924803517237,0,0.081277659711254,0,0.0223351426852643,0,ZNF215,RandomForestClassifier,mono,1057,105700,105700,2071
95,20,0.9186526767569771,0,0.9180005494276796,0,0.6350078607499536,0,0.9661600326405072,0,0,0,0.9525596337148804,0,0,0,0.6514311048187577,0,0,0,0.7203596596680066,0,0,0,0.4659728088955883,0,0,0,0.0221846037649329,0,0,0,0.3983123637086974,0,0.2869835445099412,0,0.0195427272031476,0,BATF2,RandomForestClassifier,mono,775,77500,77500,1500
96,47,0.7603943276545229,0,0.7981858539778622,0,0.8811880546268717,0,0.9054686356899108,0,0,0,0.9210454853439286,0,0,0,0.8753640887832539,0,0,0,0.2233012846329903,0,0,0,0.3941754967374974,0,0,0,0.1836647125721283,0,0,0,0.1530430368788533,0,0.3004110263754815,0,0.2193539594966004,0,ZNF335,RandomForestClassifier,mono,12096,1209600,491862,23719
97,47,0.945643445392972,0,0.932665527810806,0,0.8140125080035764,0,0.9641063361722184,0,0,0,0.9474608996165572,0,0,0,0.7958923184172986,0,0,0,0.3564921960883082,0,0,0,0.2882061307052632,0,0,0,0.0477660828922919,0,0,0,0.2019437268824996,0,0.2100066074473322,0,0.0325783302537626,0,MYPOP,RandomForestClassifier,mono,3104,310400,310400,6077
98,65,0.9809070382749469,0,0.9760089980905322,0,0.8384167287282932,0,0.9910189587905772,0,0,0,0.9854759600379764,0,0,0,0.847569992928931,0,0,0,0.7543004364711035,0,0,0,0.6466474149967885,0,0,0,0.214311026297282,0,0,0,0.5084304403006876,0,0.4455460110010169,0,0.1527618014497039,0,ZNF646,RandomForestClassifier,mono,7580,758000,483150,14888
99,20,0.9884128341841038,0,0.9729497125382952,0,0.6698707939508507,0,0.9996863910009948,0,0,0,0.9803753646165392,0,0,0,0.7356839555765595,0,0,0,0.9727397320706874,0,0,0,0.8689892589066476,0,0,0,0.2707518779784275,0,0,0,0.9137068691977476,0,0.8506584016858749,0,0.2299146625127388,0,ZNF596,RandomForestClassifier,mono,421,42100,42100,838
100,20,0.8293615894370214,0,0.8611558381037075,0,0.549729787560629,0,0.9367184347429628,0,0,0,0.9170689823586032,0,0,0,0.6210090428026463,0,0,0,0.5524908771653446,0,0,0,0.3903715474396165,0,0,0,0.0288384838272891,0,0,0,0.18114872282504,0,0.1608334493429036,0,0.013902017825519,0,NR1H4,RandomForestClassifier,mono,701,70100,70100,1383
101,25,0.8337570075182739,0,0.8422528430449737,0,0.7464701257821936,0,0.9468041037994456,0,0,0,0.9242011872413732,0,0,0,0.6926590886749652,0,0,0,0.7605020231719295,0,0,0,0.6014435166189921,0,0,0,0.0878269200930864,0,0,0,0.5602767735356864,0,0.5929713513502621,0,0.1003456698815882,0,ZNF606,RandomForestClassifier,mono,822,82200,82200,1614
102,28,0.9921653911347534,0,0.9916322817186838,0,0.8188795336951147,0,0.9932986713842672,0,0,0,0.9924234395495346,0,0,0,0.796122201460966,0,0,0,0.8318041479409277,0,0,0,0.8761834280558894,0,0,0,0.2295953268740406,0,0,0,0.7466017445642757,0,0.8198227188061377,0,0.2064020516722341,0,USF3,RandomForestClassifier,mono,8754,875400,499088,17375
103,20,0.8432945782827211,0,0.8013992875031603,0,0.6250454393121396,0,0.9365561257833794,0,0,0,0.8766537472867751,0,0,0,0.6684450617639512,0,0,0,0.2318993636310125,0,0,0,0.0586687951445738,0,0,0,0.0179435786143906,0,0,0,0.0542172827196382,0,0.0364808129418571,0,0.0145542739447875,0,SP140,RandomForestClassifier,mono,2603,260300,260300,5068
104,20,0.9849804604230316,0,0.9885064945892256,0,0.9621027891529236,0,0.9858586891142576,0,0,0,0.989219678371831,0,0,0,0.9585872092293816,0,0,0,0.6537395306670251,0,0,0,0.7655820499809309,0,0,0,0.5408964561892352,0,0,0,0.5799754390379871,0,0.7103838493169002,0,0.5137560858069463,0,ZIM3,RandomForestClassifier,mono,6791,679100,513434,13519
105,35,0.9417581244661836,0,0.9292173054456148,0,0.9207698666011478,0,0.9744980694555732,0,0,0,0.9544681322490192,0,0,0,0.82804377085041,0,0,0,0.7093898114291824,0,0,0,0.5933575241986268,0,0,0,0.2399142001072403,0,0,0,0.535101006025292,0,0.4936128440591369,0,0.2102003746280779,0,CGGBP1,RandomForestClassifier,mono,1147,114700,114700,2223
106,41,0.9694111909199422,0,0.9708248708560772,0,0.8740658812590527,0,0.9784604662965432,0,0,0,0.9801726200970672,0,0,0,0.8566633019070917,0,0,0,0.8778205134482034,0,0,0,0.8794210812610856,0,0,0,0.5155460551560898,0,0,0,0.8515303803370636,0,0.8685522903309979,0,0.5228245677610606,0,ZBTB47,RandomForestClassifier,mono,4136,413600,413600,8237
107,20,0.9806099875897516,0,0.9821406784691142,0,0.8817139624578925,0,0.987587282996934,0,0,0,0.988003740784229,0,0,0,0.8838931721558732,0,0,0,0.7407153565663552,0,0,0,0.8161516721519767,0,0,0,0.2215808338645345,0,0,0,0.4830328258121554,0,0.6234555328669389,0,0.12592255415326,0,ZNF18,RandomForestClassifier,mono,4663,466300,466300,9234
108,38,0.9431513609272072,0,0.9414985589775006,0,0.7943575320167632,0,0.9642167523509872,0,0,0,0.9548013837064676,0,0,0,0.8042736867994069,0,0,0,0.5014546061019051,0,0,0,0.4494991732426721,0,0,0,0.1161863442813582,0,0,0,0.2956705946852499,0,0.3402646530897029,0,0.0900617264432533,0,ZBED2,RandomForestClassifier,mono,1608,160800,160800,3055
109,39,0.9734271941282135,0,0.9658087156840196,0,0.9762730582685336,0,0.9896161959358892,0,0,0,0.9843813630966268,0,0,0,0.9790027294595371,0,0,0,0.7051887339527092,0,0,0,0.703754418209638,0,0,0,0.8994598368308733,0,0,0,0.4951743050132172,0,0.5032987648960219,0,0.6888393406068469,0,ZNF865,RandomForestClassifier,mono,11323,1132300,474352,22062
110,20,0.8150965391340814,0,0.7422141391035895,0,0.4878456075017382,0,0.87905682699133,0,0,0,0.809692033646156,0,0,0,0.5354697421476483,0,0,0,0.460096297201759,0,0,0,0.2009061061180862,0,0,0,0.014719461612854,0,0,0,0.1951556507120089,0,0.1799333262974861,0,0.0126136104237907,0,ZNF66,RandomForestClassifier,mono,598,59800,59800,1167
111,35,0.8592511386059909,0,0.8054341601674858,0,0.5646776025858267,0,0.9515523852275808,0,0,0,0.9103177922135915,0,0,0,0.6165286138458511,0,0,0,0.7106579200024379,0,0,0,0.4422837985060034,0,0,0,0.0890782002812626,0,0,0,0.4028690204712526,0,0.4060504163441021,0,0.0884693839647126,0,ZNF699,RandomForestClassifier,mono,617,61700,61700,1214
112,20,0.9056441857874804,0,0.890867832201415,0,0.8698179237508012,0,0.9338049899754955,0,0,0,0.9122581203666962,0,0,0,0.8715913738896859,0,0,0,0.7874971796429545,0,0,0,0.7293911167465097,0,0,0,0.6435756819967513,0,0,0,0.7157675400661199,0,0.7125401002664197,0,0.6366330222449796,0,ZNF696,RandomForestClassifier,mono,629,62900,62900,1256
113,26,0.7266413633551789,0,0.7276660612620046,0,0.7884321705177745,0,0.7588217483674846,0,0,0,0.7435941796602621,0,0,0,0.8015888579281867,0,0,0,0.213502216115611,0,0,0,0.2194110795683405,0,0,0,0.3100607591662828,0,0,0,0.1335505342283297,0,0.1706299786107644,0,0.1884234368048988,0,ZNF665,RandomForestClassifier,mono,3783,378300,378300,7490
114,38,0.9458670190858766,0,0.9386618533994004,0,0.8175547304749268,0,0.9708717015415388,0,0,0,0.9677365180773954,0,0,0,0.8458326252927484,0,0,0,0.7315368591832548,0,0,0,0.8004704720948218,0,0,0,0.5290303703592044,0,0,0,0.6560940325247445,0,0.7618779772250818,0,0.5102458055304824,0,ZNF518B,RandomForestClassifier,mono,6451,645100,503356,12765
115,20,0.8553906775432688,0,0.8620746005206288,0,0.9296965884068746,0,0.9019356793963772,0,0,0,0.8763802331089151,0,0,0,0.9159792959478394,0,0,0,0.5551916202631588,0,0,0,0.4297373229320613,0,0,0,0.643242785164144,0,0,0,0.3794982456718526,0,0.4139109916899769,0,0.6281649849732092,0,ZNF678,RandomForestClassifier,mono,994,99400,99400,1959
116,25,0.9549841619036348,0,0.9581111926264584,0,0.8054170234565584,0,0.9650342713972876,0,0,0,0.9635097461826044,0,0,0,0.7796467172077313,0,0,0,0.6477478815392212,0,0,0,0.6401298333023828,0,0,0,0.2728717263475669,0,0,0,0.5633154102689979,0,0.5900956851494791,0,0.243362099166653,0,ZNF732,RandomForestClassifier,mono,2980,298000,298000,5898
117,20,0.8756647770092923,0,0.8524353829496035,0,0.5617327917311831,0,0.9440874142878888,0,0,0,0.8903567204233832,0,0,0,0.6182413682157293,0,0,0,0.7685200148282182,0,0,0,0.4480819327935085,0,0,0,0.2120172921451056,0,0,0,0.3831363755809082,0,0.3382981712454065,0,0.1895594937238199,0,ZNF772,RandomForestClassifier,mono,529,52900,52900,1025
118,55,0.922660383897644,0,0.934422547538842,0,0.8439254583361916,0,0.9546490475583934,0,0,0,0.95734648824709,0,0,0,0.8485347892435077,0,0,0,0.5726442737525169,0,0,0,0.6811786533952154,0,0,0,0.2547251454747234,0,0,0,0.3657200869236693,0,0.4175303616524803,0,0.153301519317133,0,ZNF721,RandomForestClassifier,mono,9800,980000,507454,17936
119,20,0.9018858623721596,0,0.8662861324713963,0,0.7107953963418139,0,0.9417020870933408,0,0,0,0.8960789697181388,0,0,0,0.6711061684446009,0,0,0,0.7459536967810094,0,0,0,0.5765677697273427,0,0,0,0.0358375790252931,0,0,0,0.5489080082169094,0,0.538671844770153,0,0.0388824893383679,0,ZNF676,RandomForestClassifier,mono,751,75100,75100,1476
120,20,0.8730597931131544,0,0.8784188898283039,0,0.7020952833290348,0,0.9117751876524676,0,0,0,0.8981994504422477,0,0,0,0.7107241931566032,0,0,0,0.4886891770835141,0,0,0,0.3608555727344626,0,0,0,0.0369930558331489,0,0,0,0.2079834585993707,0,0.2144102450410331,0,0.0299952707764558,0,ZNF70,RandomForestClassifier,mono,1240,124000,124000,2453
121,48,0.8764292839003428,0,0.8880259035931923,0,0.8214686948668914,0,0.9227807867934452,0,0,0,0.9239954418533444,0,0,0,0.8187806323981828,0,0,0,0.5879100498388017,0,0,0,0.5790170449563908,0,0,0,0.4441956336780679,0,0,0,0.492214648741447,0,0.5375317680475793,0,0.4009085957016392,0,ZNF724,RandomForestClassifier,mono,4201,420100,420100,8347
122,20,0.9547919678005437,0,0.9612186618264206,0,0.8676400043858447,0,0.9745123145708884,0,0,0,0.9679632265164444,0,0,0,0.8607561774926978,0,0,0,0.8233519849229833,0,0,0,0.7776840597342609,0,0,0,0.4607893083324005,0,0,0,0.6865164768993198,0,0.6982329892426052,0,0.4363485620850882,0,ZNF575,RandomForestClassifier,mono,1153,115300,115300,2280
123,30,0.895386671766248,0,0.879757494670622,0,0.954738228762844,0,0.95463492177322,0,0,0,0.935715482960898,0,0,0,0.985012608679288,0,0,0,0.7953047172989,0,0,0,0.7663821093846055,0,0,0,0.9422289517301674,0,0,0,0.5618754085949764,0,0.5395251617855551,0,0.7716328179961673,0,ZNF814,RandomForestClassifier,mono,1036,103600,103600,1131
124,29,0.8973786140170656,0,0.8737706150693575,0,0.5734351952574873,0,0.955517474882879,0,0,0,0.9268682496756868,0,0,0,0.586023335272477,0,0,0,0.7373611425702267,0,0,0,0.575898850933034,0,0,0,0.0615417272855391,0,0,0,0.4836004612393144,0,0.4878004950732564,0,0.0482867512900184,0,ZNF551,RandomForestClassifier,mono,733,73300,73300,1444
125,20,0.8945938396457135,0,0.8819572601125216,0,0.8284356793968092,0,0.9064209572674996,0,0,0,0.8904881355683021,0,0,0,0.8258632667198247,0,0,0,0.5362149973814081,0,0,0,0.5035600565881878,0,0,0,0.4278606371003437,0,0,0,0.4721198979674857,0,0.4698813223501342,0,0.3780486817593589,0,ZNF689,RandomForestClassifier,mono,2213,221300,221300,4398
126,39,0.9216069569724156,0,0.9226613917824736,0,0.8352807750046913,0,0.9550498003868468,0,0,0,0.9524524133073028,0,0,0,0.8651236160630512,0,0,0,0.6226086344373299,0,0,0,0.6353485208407917,0,0,0,0.4304090505422467,0,0,0,0.4061446751999397,0,0.4338323361914433,0,0.3551852283090128,0,ZNF672,RandomForestClassifier,mono,2866,286600,286600,5690
127,20,0.9325238473000912,0,0.9469372642640164,0,0.6882298986476282,0,0.9497301263881744,0,0,0,0.9536138419544404,0,0,0,0.6947985916143191,0,0,0,0.639833458510168,0,0,0,0.676611153519147,0,0,0,0.2276461993501059,0,0,0,0.5166798602401966,0,0.5866357869399197,0,0.1930975045977148,0,ZNF850,RandomForestClassifier,mono,2836,283600,283600,5651
128,36,0.9005488526560267,0,0.8812177124601619,0,0.8228655693190964,0,0.9669342006964224,0,0,0,0.940440646141317,0,0,0,0.8062954027365818,0,0,0,0.4682699754092865,0,0,0,0.2226296541196446,0,0,0,0.0652199385330505,0,0,0,0.1532828476137498,0,0.078302585365942,0,0.0150045866807466,0,ZNF800,RandomForestClassifier,mono,4053,405300,405300,7721
129,20,0.847777125,0,0.7359262489633676,0,0.5380616507960405,0,0.96552425,0,0,0,0.886060224770511,0,0,0,0.7379933381007943,0,0,0,0.8026317917081381,0,0,0,0.3734996647848088,0,0,0,0.3745472398880204,0,0,0,0.2467103973032492,0,0.0492823922481963,0,0.0121143170069236,0,ZNF773,RandomForestClassifier,mono,187,18700,18700,365
130,22,0.9618868782192156,0,0.9603372078891362,0,0.6191954785410795,0,0.96822509339788,0,0,0,0.9643523255906504,0,0,0,0.617141689887888,0,0,0,0.6569391661899572,0,0,0,0.6261835027024697,0,0,0,0.0563538373386958,0,0,0,0.5433500813576917,0,0.5624106233793904,0,0.0517191277352152,0,MGA,RandomForestClassifier,mono,2556,255600,255600,5055
131,20,0.8900221167788491,0,0.878370112112887,0,0.8582864953179047,0,0.945293019109574,0,0,0,0.9061872735694028,0,0,0,0.8046732117808871,0,0,0,0.7898282803955081,0,0,0,0.5336817150367406,0,0,0,0.1309281575476097,0,0,0,0.4617326530992786,0,0.542007059721572,0,0.1797742879266528,0,ZNF623,RandomForestClassifier,mono,397,39700,39700,777
132,22,0.8666505278406519,0,0.8630741588420342,0,0.8204165186647882,0,0.9188409633318244,0,0,0,0.9009782486389688,0,0,0,0.7653012165852305,0,0,0,0.4926168463174643,0,0,0,0.3695271409661126,0,0,0,0.087685794875289,0,0,0,0.3362897352703811,0,0.3129302680387144,0,0.0717334265871191,0,TTF1,RandomForestClassifier,mono,914,91400,91400,1811
133,20,0.9618419479497964,0,0.9637854405343697,0,0.9814137356919876,0,0.9791770382339864,0,0,0,0.972549461724884,0,0,0,0.9800382934443288,0,0,0,0.7313403283043776,0,0,0,0.6940097191116239,0,0,0,0.7571409822386116,0,0,0,0.6255100827366316,0,0.6504895891554038,0,0.7470001987904427,0,ZNF286B,RandomForestClassifier,mono,3160,316000,316000,6293
134,20,0.8871434970826876,0,0.9092849585209511,0,0.6284695244335388,0,0.9364873132688636,0,0,0,0.9379722979687722,0,0,0,0.6445527438910705,0,0,0,0.6529084329039804,0,0,0,0.5277886131735829,0,0,0,0.0779283950263632,0,0,0,0.2936626597863617,0,0.3165483063556217,0,0.0560136441286875,0,ZNF700,RandomForestClassifier,mono,1222,122200,122200,2343
135,20,0.9409335946627926,0,0.9467825727766306,0,0.8410803062565659,0,0.9591456817138414,0,0,0,0.9539086182139456,0,0,0,0.8706199309237905,0,0,0,0.5890934331441496,0,0,0,0.4303284017002823,0,0,0,0.0918323350909909,0,0,0,0.372231665625073,0,0.3035785195601747,0,0.0643130653539675,0,ZNF746,RandomForestClassifier,mono,2011,201100,201100,3965
136,24,0.7309084795321638,0,0.7761951522882805,0,0.6334722808719827,0,0.8233587950138505,0,0,0,0.8149014111416893,0,0,0,0.6596543781342431,0,0,0,0.4470573369821942,0,0,0,0.4147654301451905,0,0,0,0.1643343480140218,0,0,0,0.2246592989695485,0,0.2989732714957986,0,0.130930277656926,0,ZNF728,RandomForestClassifier,mono,1018,101800,101800,2027
137,40,0.8102586698012842,0,0.7614985949401686,0,0.5977392794499199,0,0.9116661868310528,0,0,0,0.8656884397951448,0,0,0,0.647032731570839,0,0,0,0.5096044227801679,0,0,0,0.1819465131459635,0,0,0,0.0640748888253487,0,0,0,0.1766894698955329,0,0.2022518407045524,0,0.1155644661767321,0,ZNF845,RandomForestClassifier,mono,2386,238600,238600,4641
138,29,0.9589921664975344,0,0.9528314016651144,0,0.8140879921068942,0,0.9713497908098772,0,0,0,0.9662404128109257,0,0,0,0.8202156057494867,0,0,0,0.6560499612281089,0,0,0,0.5436675165966924,0,0,0,0.1314101672057241,0,0,0,0.4800208595191748,0,0.4618323787752127,0,0.1250317519344709,0,ZNF683,RandomForestClassifier,mono,977,97700,97700,1943
139,20,0.9634098099505788,0,0.9632052951854662,0,0.9255725303546644,0,0.9717693781332936,0,0,0,0.9673577160506128,0,0,0,0.931601148031298,0,0,0,0.3969525505891446,0,0,0,0.2970196785240237,0,0,0,0.2408450426965891,0,0,0,0.2708447402775549,0,0.2733390521353389,0,0.2430658595476592,0,ZNF775,RandomForestClassifier,mono,5108,510800,510800,10135
140,20,0.888161767172578,0,0.8664675481686673,0,0.7424230269656593,0,0.938506973640307,0,0,0,0.90635151492767,0,0,0,0.7739204305208534,0,0,0,0.5306768578032227,0,0,0,0.4334104317072465,0,0,0,0.2714897886117343,0,0,0,0.2980071829125565,0,0.2935961125662537,0,0.2047321876722117,0,ZNF57,RandomForestClassifier,mono,1425,142500,142500,2817
141,47,0.8058654729712056,0,0.7755123517121892,0,0.7363908860264343,0,0.9306313167508848,0,0,0,0.9049121720916168,0,0,0,0.76558956785011,0,0,0,0.5917931494430307,0,0,0,0.37042074960292,0,0,0,0.299867756558475,0,0,0,0.2608933350852248,0,0.2542725343191414,0,0.2695347180136327,0,ZNF836,RandomForestClassifier,mono,4142,414200,414200,8068
