,Count,roc_auc_train_H_PWM,roc_auc_train_H_PWM_di,roc_auc_test_H_PWM,roc_auc_test_H_PWM_di,roc_auc_test_M_PWM,roc_auc_test_M_PWM_di,roc_auc_train_H,mean_auc_train_H,median_auc_train_H,std_auc_train_H,roc_auc_test_H,mean_auc_test_H,median_auc_test_H,std_auc_test_H,roc_auc_test_M,mean_auc_test_M,median_auc_test_M,std_auc_test_M,pr_auc_train_H,mean_pr_auc_train_H,median_pr_auc_train_H,std_pr_auc_train_H,pr_auc_test_H,mean_pr_auc_test_H,median_pr_auc_test_H,std_pr_auc_test_H,pr_auc_test_M,mean_pr_auc_test_M,median_pr_auc_test_M,std_pr_auc_test_M,pr_auc_train_H_PWM,pr_auc_train_H_PWM_di,pr_auc_test_H_PWM,pr_auc_test_H_PWM_di,pr_auc_test_M_PWM,pr_auc_test_M_PWM_di,TF_name,Model,PWM,Seq_count,PR_delta_M,ROC_delta_M
0,34,0.9578524578746018,0,0.9621570843086084,0,0.7358193331455691,0,0.9652723803311896,0,0,0,0.968994618633038,0,0,0,0.7313516165661935,0,0,0,0.2482357756172383,0,0,0,0.9328580771289422,0,0,0,0.5856089227540507,0,0,0,0.1815861661366319,0,0.9141757285186622,0,0.6056068859458166,0,LEUTX,LogisticRegression,mono,7223,-0.6056068859458166,-0.7358193331455691
8,20,0.9448462387849051,0,0.8831161481668162,0,0.935438525215786,0,0.9755846427622554,0,0,0,0.9244051404795774,0,0,0,0.9509331152573188,0,0,0,0.3532342510199944,0,0,0,0.8373765882941361,0,0,0,0.904086935332432,0,0,0,0.1712454895106966,0,0.7543440961522763,0,0.8692472631837552,0,FBXL19,LogisticRegression,mono,6182,-0.8692472631837552,-0.935438525215786
16,40,0.8660992644316604,0,0.8949387451110296,0,0.7966654541320737,0,0.8859018496330093,0,0,0,0.9102421292041356,0,0,0,0.7738505603995935,0,0,0,0.212085065617343,0,0,0,0.8701275527297518,0,0,0,0.6739146754932834,0,0,0,0.193064833934855,0,0.8575687819533802,0,0.6489842144202644,0,ZBED5,LogisticRegression,mono,1535,-0.6489842144202644,-0.7966654541320737
24,20,0.890119359027438,0,0.876232741617357,0,0.777813437948014,0,0.8804068651435883,0,0,0,0.8640263307559202,0,0,0,0.7881805919122572,0,0,0,0.7163466054803718,0,0,0,0.8799519271664887,0,0,0,0.6934259696854069,0,0,0,0.6741265801410297,0,0.8876361449731771,0,0.6771726534901734,0,ZFAT,LogisticRegression,mono,326,-0.6771726534901734,-0.777813437948014
32,26,0.8767678705497323,0,0.7961597754763222,0,0.53335556840399,0,0.8832965268934507,0,0,0,0.8163095896908846,0,0,0,0.5052068094983644,0,0,0,0.776232155203579,0,0,0,0.8451312640934325,0,0,0,0.4086776953268144,0,0,0,0.7538585216621014,0,0.8327369639585163,0,0.4181844280692883,0,ZSCAN2,LogisticRegression,mono,278,-0.4181844280692883,-0.53335556840399
40,34,0.987980052579342,0,0.989075215069117,0,0.6930780957599137,0,0.9896151504344254,0,0,0,0.9902739587039314,0,0,0,0.7157310398041121,0,0,0,0.7583380370818246,0,0,0,0.9854794849443008,0,0,0,0.6382740534282229,0,0,0,0.7451025251762594,0,0.9833723663590436,0,0.6216452440819342,0,LEF1,LogisticRegression,mono,5752,-0.6216452440819342,-0.6930780957599137
48,35,0.9639756064358244,0,0.9347096332145536,0,0.9350613399719742,0,0.9776904277156826,0,0,0,0.9505349366575552,0,0,0,0.9496950047100676,0,0,0,0.4556669132889928,0,0,0,0.901482742631615,0,0,0,0.8880329032936994,0,0,0,0.3260956610452029,0,0.8637505319893823,0,0.8502220848246264,0,ZNF395,LogisticRegression,mono,9400,-0.8502220848246264,-0.9350613399719742
56,39,0.9124521084601868,0,0.9261716068677732,0,0.930348601373036,0,0.9228890749437688,0,0,0,0.936543524969244,0,0,0,0.9327512071848332,0,0,0,0.2923722926342498,0,0,0,0.9134874186478888,0,0,0,0.899767326220174,0,0,0,0.2694730259309435,0,0.8990482563693418,0,0.8992023417149174,0,ZFTA,LogisticRegression,mono,2326,-0.8992023417149174,-0.930348601373036
64,20,0.972409305579106,0,0.9711564821257952,0,0.8594910040966415,0,0.9730571623186712,0,0,0,0.9701503244575576,0,0,0,0.8669319295375938,0,0,0,0.530522545065808,0,0,0,0.9615041513310196,0,0,0,0.7947147640423181,0,0,0,0.4245752249005141,0,0.9492394824788438,0,0.7414184709057595,0,FOSL2,LogisticRegression,mono,4532,-0.7414184709057595,-0.8594910040966415
72,22,0.7876623523653333,0,0.7822837531912208,0,0.7511227444865226,0,0.7958648576621201,0,0,0,0.7886243809337719,0,0,0,0.7422722209846291,0,0,0,0.3222611511400023,0,0,0,0.7723916341979059,0,0,0,0.7238838762424805,0,0,0,0.3011296377460199,0,0.7641937774047626,0,0.7295379932084729,0,ZNF226,LogisticRegression,mono,4429,-0.7295379932084729,-0.7511227444865226
80,27,0.8760825350972704,0,0.8916286234712464,0,0.9085939389511448,0,0.9177665491351804,0,0,0,0.9170695810564664,0,0,0,0.8826537810383747,0,0,0,0.3688675633664308,0,0,0,0.882928873113722,0,0,0,0.8435270621525658,0,0,0,0.2558351468443162,0,0.8208444711328331,0,0.7851382654576774,0,ZNF407,LogisticRegression,mono,1575,-0.7851382654576774,-0.9085939389511448
88,20,0.9143069151852142,0,0.9151191666807926,0,0.9022133529436468,0,0.9387327816500032,0,0,0,0.9450697540386148,0,0,0,0.8967822690546251,0,0,0,0.7927229203990332,0,0,0,0.9371251355643078,0,0,0,0.8864501944059385,0,0,0,0.767143526329641,0,0.9174258804547312,0,0.8938794705847638,0,ZNF260,LogisticRegression,mono,346,-0.8938794705847638,-0.9022133529436468
96,20,0.9543331820423276,0,0.9417387433457376,0,0.5030279626768783,0,0.9614158248763456,0,0,0,0.9485884558092682,0,0,0,0.6123413096900991,0,0,0,0.7686791491981467,0,0,0,0.9405959616497518,0,0,0,0.4651891580651591,0,0,0,0.6382165060336414,0,0.9091120399316196,0,0.5401356532143424,0,DNTTIP1,LogisticRegression,mono,2476,-0.5401356532143424,-0.5030279626768783
104,41,0.8894676343556238,0,0.8846494016837888,0,0.7577151457447684,0,0.8792483845850012,0,0,0,0.8742607490734551,0,0,0,0.7265484661843168,0,0,0,0.5839372916774607,0,0,0,0.8705448259806191,0,0,0,0.6507828141477479,0,0,0,0.5982170399630397,0,0.8513484196751018,0,0.6669685571491607,0,JRK,LogisticRegression,mono,1833,-0.6669685571491607,-0.7577151457447684
112,33,0.9300145729118868,0,0.9368473646164142,0,0.8632813062336365,0,0.9434915756652146,0,0,0,0.9466272252472828,0,0,0,0.884269459733039,0,0,0,0.6082859067433843,0,0,0,0.9427538583434109,0,0,0,0.8246813077430466,0,0,0,0.5608255026660538,0,0.8981619052486532,0,0.7122295092899872,0,ZNF471,LogisticRegression,mono,2613,-0.7122295092899872,-0.8632813062336365
120,25,0.8031099774931049,0,0.8415790318246955,0,0.7717408372580425,0,0.8425092134518981,0,0,0,0.8856573670488018,0,0,0,0.8076571025570304,0,0,0,0.0750983603325285,0,0,0,0.8059491933150273,0,0,0,0.6807618582478235,0,0,0,0.0498096454009151,0,0.7163890489646758,0,0.5961606166146071,0,ZBTB8A,LogisticRegression,mono,1272,-0.5961606166146071,-0.7717408372580425
128,23,0.9231780663976952,0,0.924072310011112,0,0.8745331751395106,0,0.9429232377535492,0,0,0,0.9449665996998934,0,0,0,0.8991138060937937,0,0,0,0.5665705511801016,0,0,0,0.9258200524106168,0,0,0,0.8669815726440224,0,0,0,0.5201272552807142,0,0.8833322152056949,0,0.8488689035768902,0,ZNF251,LogisticRegression,mono,6019,-0.8488689035768902,-0.8745331751395106
136,29,0.9621880776857962,0,0.9645464342235672,0,0.9454823981737356,0,0.9670230848433308,0,0,0,0.9692263147923936,0,0,0,0.9410542757229492,0,0,0,0.4401302974903722,0,0,0,0.948304328667082,0,0,0,0.94596219086176,0,0,0,0.4010742176797907,0,0.9390411459136146,0,0.9490510448017828,0,ZNF493,LogisticRegression,mono,11361,-0.9490510448017828,-0.9454823981737356
144,34,0.9315122843948488,0,0.9409865947363888,0,0.5694030693259171,0,0.9669364421872256,0,0,0,0.9729809486167188,0,0,0,0.6205133356598476,0,0,0,0.4711409383096179,0,0,0,0.9484545222205704,0,0,0,0.5022968952739234,0,0,0,0.3156060343768798,0,0.8132742162277041,0,0.4788888078589787,0,VDR,LogisticRegression,mono,4617,-0.4788888078589787,-0.5694030693259171
152,20,0.8561876495606185,0,0.859673428272229,0,0.6398260608456826,0,0.922305533491524,0,0,0,0.9153776027131474,0,0,0,0.7844675232272569,0,0,0,0.4391211933243246,0,0,0,0.8939741175155932,0,0,0,0.7139928816386237,0,0,0,0.2074096964953077,0,0.8147816594066951,0,0.5084734353036524,0,ZNF322,LogisticRegression,mono,876,-0.5084734353036524,-0.6398260608456826
160,28,0.9622674680119176,0,0.9534600604601116,0,0.7846290791768652,0,0.9832278975069862,0,0,0,0.9765802928604588,0,0,0,0.8147151065302051,0,0,0,0.7707035121172988,0,0,0,0.9665240764784384,0,0,0,0.7767208288187621,0,0,0,0.5151693400611302,0,0.9191310998834152,0,0.7021981601987393,0,NACC2,LogisticRegression,mono,4038,-0.7021981601987393,-0.7846290791768652
168,40,0.8178759737499444,0,0.8290978051991242,0,0.6326036977426974,0,0.9277178726281228,0,0,0,0.9412211518786046,0,0,0,0.8281533145876321,0,0,0,0.4696612865461239,0,0,0,0.9279243410316164,0,0,0,0.7606857529303941,0,0,0,0.4229910660290212,0,0.7681930917473853,0,0.448307297779481,0,ZNF107,LogisticRegression,mono,2324,-0.448307297779481,-0.6326036977426974
176,27,0.7896982776468616,0,0.8014432128261553,0,0.8520261776601527,0,0.8484898347524641,0,0,0,0.8534212260295505,0,0,0,0.8557787162988696,0,0,0,0.1389097333496572,0,0,0,0.7749857196316338,0,0,0,0.7381966917113661,0,0,0,0.0819261869789587,0,0.6963571155276893,0,0.6227572328956752,0,ZNF648,LogisticRegression,mono,6362,-0.6227572328956752,-0.8520261776601527
184,20,0.934026751413046,0,0.948076616469989,0,0.5277267156862745,0,0.938992087949684,0,0,0,0.9526183895846524,0,0,0,0.5768995098039216,0,0,0,0.4128287542016308,0,0,0,0.9260071050014994,0,0,0,0.7334458207078086,0,0,0,0.3375909283673202,0,0.9129291705947978,0,0.7469896631812565,0,CAMTA2,LogisticRegression,mono,7908,-0.7469896631812565,-0.5277267156862745
192,28,0.9429108632383202,0,0.9505533245714926,0,0.550890116709302,0,0.9558230972488424,0,0,0,0.9671106636117454,0,0,0,0.5562695744359418,0,0,0,0.6619098846250037,0,0,0,0.9537448469244418,0,0,0,0.4403853962471273,0,0,0,0.6386201638412791,0,0.9333354503937134,0,0.4555033275256524,0,ZNF841,LogisticRegression,mono,1966,-0.4555033275256524,-0.550890116709302
200,46,0.7774512964365433,0,0.8157801715316925,0,0.7057871034949367,0,0.8381278524593431,0,0,0,0.8431217347330536,0,0,0,0.6823815225903351,0,0,0,0.3233008887734241,0,0,0,0.8019566941489521,0,0,0,0.5444758269014575,0,0,0,0.302563852597579,0,0.6638067853241628,0,0.5911249930317402,0,TIGD4,LogisticRegression,mono,779,-0.5911249930317402,-0.7057871034949367
208,31,0.7863798321422852,0,0.7644309100017037,0,0.8030032825216962,0,0.8419558395583433,0,0,0,0.8219853479098618,0,0,0,0.7809254013220018,0,0,0,0.2337410058518207,0,0,0,0.7761058046900468,0,0,0,0.7226340126476569,0,0,0,0.2036880851305027,0,0.7348180472589149,0,0.7231346077904534,0,ZNF470,LogisticRegression,mono,2701,-0.7231346077904534,-0.8030032825216962
216,35,0.7790436961250493,0,0.7938803842614138,0,0.7873348225334231,0,0.9049796021605964,0,0,0,0.9045540192870698,0,0,0,0.7866207442803221,0,0,0,0.2371128920952828,0,0,0,0.8486658452695273,0,0,0,0.6627768936482246,0,0,0,0.1682404701292091,0,0.6560069665162817,0,0.517127837483274,0,ZNF510,LogisticRegression,mono,3967,-0.517127837483274,-0.7873348225334231
224,24,0.8863325227827271,0,0.865567605859476,0,0.928096618994396,0,0.917768426696347,0,0,0,0.9067665756607736,0,0,0,0.9223082951277334,0,0,0,0.1060818675097274,0,0,0,0.8204702032436231,0,0,0,0.7907088846271321,0,0,0,0.0602108840437436,0,0.7032277851686386,0,0.7631710956731033,0,ZNF384,LogisticRegression,mono,6652,-0.7631710956731033,-0.928096618994396
232,26,0.9640769800002276,0,0.9685925634089948,0,0.8617693716722215,0,0.968964841115913,0,0,0,0.9723773167505326,0,0,0,0.8678981065706236,0,0,0,0.7016054345500266,0,0,0,0.9619245916728832,0,0,0,0.8225082014042985,0,0,0,0.6528770307731149,0,0.954254951698034,0,0.8029813140900649,0,CTCF,LogisticRegression,mono,11114,-0.8029813140900649,-0.8617693716722215
240,20,0.9607056895679044,0,0.9519446453640578,0,0.9034964299262824,0,0.9647369139272204,0,0,0,0.9596800333783052,0,0,0,0.904240433574992,0,0,0,0.833314663485949,0,0,0,0.9602391056283184,0,0,0,0.8882623736667034,0,0,0,0.7866891219748077,0,0.9535771676347374,0,0.8822816885868199,0,ZNF134,LogisticRegression,mono,2715,-0.8822816885868199,-0.9034964299262824
248,20,0.916075144866864,0,0.8467994339089152,0,0.8659825657282118,0,0.9688050413017736,0,0,0,0.9046995147451232,0,0,0,0.899497864443107,0,0,0,0.409341919694879,0,0,0,0.8134900427265693,0,0,0,0.8485469672443892,0,0,0,0.1224811623306041,0,0.7112098021277109,0,0.7703492276274845,0,KDM2A,LogisticRegression,mono,20339,-0.7703492276274845,-0.8659825657282118
256,32,0.9454231243401762,0,0.948674183407144,0,0.742895033540494,0,0.9604378991404392,0,0,0,0.962821003582025,0,0,0,0.7959149396567515,0,0,0,0.4039370578453665,0,0,0,0.9330297479841096,0,0,0,0.663153168837069,0,0,0,0.3001391029112101,0,0.8708323950199235,0,0.5245293381157851,0,TPRX1,LogisticRegression,mono,7887,-0.5245293381157851,-0.742895033540494
264,25,0.9506148796193072,0,0.9512767067626712,0,0.8795848856679267,0,0.9690480206314256,0,0,0,0.9694765262269904,0,0,0,0.8973125233221021,0,0,0,0.3327527517470802,0,0,0,0.9368440317784776,0,0,0,0.8319335711257336,0,0,0,0.2233108922579175,0,0.8973467835178054,0,0.7905297009821339,0,ELF3,LogisticRegression,mono,18174,-0.7905297009821339,-0.8795848856679267
272,23,0.9235151440200604,0,0.9199254633055928,0,0.6788523336389277,0,0.9497129960601848,0,0,0,0.9359339364738932,0,0,0,0.6978876645316641,0,0,0,0.4536759616367173,0,0,0,0.8987076653551603,0,0,0,0.4883287026595707,0,0,0,0.3358704693906719,0,0.816456716423808,0,0.3205678281209056,0,SRY,LogisticRegression,mono,1852,-0.3205678281209056,-0.6788523336389277
280,43,0.8896150960341425,0,0.8862493914113128,0,0.9101782072769452,0,0.8992266597681695,0,0,0,0.8975757271779875,0,0,0,0.9040892764328092,0,0,0,0.4419142374090687,0,0,0,0.882406202215872,0,0,0,0.8382489698509696,0,0,0,0.400275822839663,0,0.8636223486231246,0,0.76958658623272,0,ZNF131,LogisticRegression,mono,1419,-0.76958658623272,-0.9101782072769452
288,102,0.838402956086354,0,0.8943068337824897,0,0.8024050874082369,0,0.8914933584824388,0,0,0,0.9313263989209184,0,0,0,0.8255146270613796,0,0,0,0.1431406844089688,0,0,0,0.8769976252577024,0,0,0,0.7258055004360929,0,0,0,0.0798643300078763,0,0.7874793816072764,0,0.7040808442689456,0,SALL3,LogisticRegression,mono,5315,-0.7040808442689456,-0.8024050874082369
296,20,0.9528224135802468,0,0.9517715985930988,0,0.7489659017619674,0,0.9551944074074076,0,0,0,0.9564013346513454,0,0,0,0.7486399092383251,0,0,0,0.7495755079147575,0,0,0,0.9571783504235404,0,0,0,0.6523253898082466,0,0,0,0.6537430735990193,0,0.9460338594839788,0,0.642229012676012,0,PRDM10,LogisticRegression,mono,794,-0.642229012676012,-0.7489659017619674
304,27,0.9958844077043626,0,0.9965716895895608,0,0.9128539611753116,0,0.9966139701604476,0,0,0,0.9969520330233426,0,0,0,0.9088295732942252,0,0,0,0.8903470787069708,0,0,0,0.9958848808702848,0,0,0,0.8709146311787095,0,0,0,0.8556075214912293,0,0.9948596274158796,0,0.8764091344236944,0,NFKB1,LogisticRegression,mono,8969,-0.8764091344236944,-0.9128539611753116
312,28,0.9382523456616678,0,0.9443175364106132,0,0.9115472752385736,0,0.9421939630602352,0,0,0,0.9477900359063725,0,0,0,0.910095429432446,0,0,0,0.4096648134917549,0,0,0,0.9182406431526804,0,0,0,0.9012112587841892,0,0,0,0.3834168952551839,0,0.9046907812480038,0,0.8827319952972015,0,ZNF726,LogisticRegression,mono,4042,-0.8827319952972015,-0.9115472752385736
320,20,0.8998027446272627,0,0.8680810609728734,0,0.7183725860412733,0,0.8985749593955229,0,0,0,0.8623238896040247,0,0,0,0.695634171386929,0,0,0,0.7649488818960006,0,0,0,0.8531348850094445,0,0,0,0.6631302531932147,0,0,0,0.7648065280962065,0,0.8450655753860569,0,0.6198961572743236,0,GLI4,LogisticRegression,mono,293,-0.6198961572743236,-0.7183725860412733
328,20,0.9372335403847204,0,0.9436325333579392,0,0.8333925380933117,0,0.9400872583151236,0,0,0,0.9487161822632152,0,0,0,0.798290857605178,0,0,0,0.5994130817956734,0,0,0,0.9308435702156236,0,0,0,0.7576960389539746,0,0,0,0.5670421531384253,0,0.8954163420298761,0,0.7092212534774647,0,ZNF20,LogisticRegression,mono,1274,-0.7092212534774647,-0.8333925380933117
336,18,0.8359712247324613,0,0.8398811273309167,0,0.676845527632301,0,0.8671481569560047,0,0,0,0.8727997126155252,0,0,0,0.7068235862409451,0,0,0,0.5541653034561973,0,0,0,0.8515417661991209,0,0,0,0.6690141935066359,0,0,0,0.4148618058708477,0,0.7776739298339618,0,0.6257852288239745,0,ZNF264,LogisticRegression,mono,177,-0.6257852288239745,-0.676845527632301
344,23,0.9520280075799628,0,0.9632857557581292,0,0.9261617083414668,0,0.9597070900651216,0,0,0,0.9667807082947536,0,0,0,0.9368516821582352,0,0,0,0.3744737805611801,0,0,0,0.9386209637139664,0,0,0,0.917643046738452,0,0,0,0.294952165320538,0,0.9251381625746694,0,0.9083094017476264,0,ZNF780B,LogisticRegression,mono,5790,-0.9083094017476264,-0.9261617083414668
352,29,0.934034713405924,0,0.9386323614455097,0,0.85725879655633,0,0.9763240189027368,0,0,0,0.976228353955412,0,0,0,0.8874223233687653,0,0,0,0.4280683419227007,0,0,0,0.9501235884526014,0,0,0,0.8100743104389769,0,0,0,0.3029824683087497,0,0.8855398815146486,0,0.7685518122344771,0,FLI1,LogisticRegression,mono,16616,-0.7685518122344771,-0.85725879655633
360,48,0.8168663326995388,0,0.8293991924114875,0,0.8648419533166177,0,0.8771283774459541,0,0,0,0.8760055081161638,0,0,0,0.8500536700480162,0,0,0,0.2451600074731328,0,0,0,0.8279260590499048,0,0,0,0.7632549969743491,0,0,0,0.2317218121450612,0,0.6958474206588104,0,0.6333350275169989,0,CAMTA1,LogisticRegression,mono,2257,-0.6333350275169989,-0.8648419533166177
368,25,0.8760031441989603,0,0.8848919007084391,0,0.7219621555177663,0,0.9101542119565218,0,0,0,0.910662465840802,0,0,0,0.7429320238709389,0,0,0,0.409268991512594,0,0,0,0.8816389139580675,0,0,0,0.6668267006202858,0,0,0,0.4216161386212771,0,0.8194884201048259,0,0.6564466685703506,0,CREB3L3,LogisticRegression,mono,1592,-0.6564466685703506,-0.7219621555177663
376,27,0.948887199194155,0,0.9579618626487488,0,0.7847042701778458,0,0.9556663063476571,0,0,0,0.9631025198560964,0,0,0,0.7578342845390187,0,0,0,0.5679786658174242,0,0,0,0.9521794788527704,0,0,0,0.6663176464761051,0,0,0,0.5220685904553235,0,0.944727658739254,0,0.6805267539159202,0,ZSCAN25,LogisticRegression,mono,1916,-0.6805267539159202,-0.7847042701778458
384,20,0.8994041298482711,0,0.8673053403995108,0,0.6890108608035298,0,0.9433613338778744,0,0,0,0.9100102765321376,0,0,0,0.7042934113953587,0,0,0,0.5506955742646046,0,0,0,0.8481338339509734,0,0,0,0.626156312183337,0,0,0,0.3148488334479758,0,0.6554091134976989,0,0.3274422103567428,0,ZNF234,LogisticRegression,mono,704,-0.3274422103567428,-0.6890108608035298
392,25,0.976843800628462,0,0.9762987458341236,0,0.7463838812229463,0,0.9763873822162552,0,0,0,0.9778029136862024,0,0,0,0.7604588380779842,0,0,0,0.7576030653061766,0,0,0,0.9725176913788616,0,0,0,0.6683272554943157,0,0,0,0.7457215845978562,0,0.9711757652204336,0,0.6689841733646716,0,TIGD3,LogisticRegression,mono,2672,-0.6689841733646716,-0.7463838812229463
400,39,0.7940605768353556,0,0.7957469776317433,0,0.7961045974177346,0,0.8336667153227594,0,0,0,0.8375311212225275,0,0,0,0.8810999982571309,0,0,0,0.1354461347304291,0,0,0,0.767442295189649,0,0,0,0.7945675958316537,0,0,0,0.107255511008093,0,0.7062906339099987,0,0.599429219992843,0,RLF,LogisticRegression,mono,1024,-0.599429219992843,-0.7961045974177346
408,23,0.935738430600741,0,0.9394732489234862,0,0.8955684718845901,0,0.9448399288476026,0,0,0,0.9485015423722608,0,0,0,0.8989490588199062,0,0,0,0.1567923727181756,0,0,0,0.8776778238549147,0,0,0,0.837311911592056,0,0,0,0.1345960867961778,0,0.8593353323986684,0,0.8270731227620988,0,ZNF367,LogisticRegression,mono,31393,-0.8270731227620988,-0.8955684718845901
416,38,0.937707896255149,0,0.9466380279367468,0,0.8379607801646638,0,0.9402450670208912,0,0,0,0.9483710362678902,0,0,0,0.8181983964586939,0,0,0,0.678894436366927,0,0,0,0.944960907602939,0,0,0,0.7205261760747,0,0,0,0.6508090027072995,0,0.9367144419944848,0,0.7214374221227736,0,MSANTD1,LogisticRegression,mono,1313,-0.7214374221227736,-0.8379607801646638
424,28,0.9429979750423164,0,0.9473744083242536,0,0.7568902934280122,0,0.9422584532129044,0,0,0,0.9452126477745172,0,0,0,0.7523384008910281,0,0,0,0.8586605691165189,0,0,0,0.9548483445929268,0,0,0,0.7500576083209052,0,0,0,0.8402688735230346,0,0.9531721365290032,0,0.7361918574865778,0,ZBTB40,LogisticRegression,mono,3143,-0.7361918574865778,-0.7568902934280122
432,24,0.921605739616077,0,0.913669223378138,0,0.5583736013815261,0,0.952115716534186,0,0,0,0.9445166891831598,0,0,0,0.561178916418859,0,0,0,0.3043426894030615,0,0,0,0.8924044413849522,0,0,0,0.3986913864147534,0,0,0,0.182815073859921,0,0.8466785227478836,0,0.3878300235473987,0,MKX,LogisticRegression,mono,1983,-0.3878300235473987,-0.5583736013815261
440,58,0.9211147333382256,0,0.943435115515634,0,0.9186489438410554,0,0.9457157614862232,0,0,0,0.9562834407708996,0,0,0,0.9397202467525247,0,0,0,0.3503942618258391,0,0,0,0.9251159563867158,0,0,0,0.892145180827336,0,0,0,0.2008375750520183,0,0.8956497387703563,0,0.831059211208556,0,ZNF362,LogisticRegression,mono,478,-0.831059211208556,-0.9186489438410554
448,26,0.982776676942468,0,0.9867267220235524,0,0.5781270931883057,0,0.9831416953113772,0,0,0,0.986892393084804,0,0,0,0.5954172306038434,0,0,0,0.8370604261922643,0,0,0,0.9848693651078216,0,0,0,0.4334480371813931,0,0,0,0.8234533132132432,0,0.9822945275363784,0,0.4329635049449205,0,PAX7,LogisticRegression,mono,3945,-0.4329635049449205,-0.5781270931883057
456,36,0.937968499143509,0,0.9396290114414108,0,0.7700764196673461,0,0.957336040197463,0,0,0,0.9588118519653492,0,0,0,0.6986497452461459,0,0,0,0.5208587085323854,0,0,0,0.9275905943712542,0,0,0,0.5866700472584656,0,0,0,0.3775459843120285,0,0.8639792414265358,0,0.6300539915247121,0,ZNF48,LogisticRegression,mono,3652,-0.6300539915247121,-0.7700764196673461
464,20,0.7760235758159701,0,0.7955643132452342,0,0.712847677289495,0,0.8979181306913687,0,0,0,0.8527889325586694,0,0,0,0.696253813978123,0,0,0,0.2054035817328822,0,0,0,0.7688122352141281,0,0,0,0.5043394315125433,0,0,0,0.0637757515075284,0,0.5698225331498344,0,0.3826731232719293,0,SP100,LogisticRegression,mono,672,-0.3826731232719293,-0.712847677289495
472,24,0.8899782076963036,0,0.8867975921740792,0,0.7400248610209234,0,0.9814625666947197,0,0,0,0.9817481891992376,0,0,0,0.8284242079713946,0,0,0,0.5030811179921836,0,0,0,0.9630094490113108,0,0,0,0.7434331160692155,0,0,0,0.3057769022588587,0,0.7965859864325936,0,0.5827628942770775,0,GABPA,LogisticRegression,mono,8634,-0.5827628942770775,-0.7400248610209234
480,28,0.9055299322637664,0,0.9121064591298438,0,0.7149581752890918,0,0.9435192111274548,0,0,0,0.9512061835974268,0,0,0,0.7488975377924548,0,0,0,0.4623203130833384,0,0,0,0.9264219604340472,0,0,0,0.6637409917740886,0,0,0,0.3571335151441681,0,0.8670311311308927,0,0.6026266583841425,0,ZNF347,LogisticRegression,mono,3762,-0.6026266583841425,-0.7149581752890918
488,20,0.8074631947736887,0,0.8192028157425607,0,0.7750252305905038,0,0.8271974459543499,0,0,0,0.8218540019198245,0,0,0,0.8181499760237352,0,0,0,0.2840448261364706,0,0,0,0.7870160286594282,0,0,0,0.6844103097809762,0,0,0,0.2188737912138884,0,0.7894259112362955,0,0.6769847091310459,0,ZNF770,LogisticRegression,mono,334,-0.6769847091310459,-0.7750252305905038
496,21,0.9531147346291512,0,0.9515764303204948,0,0.952672957473258,0,0.9513843221832202,0,0,0,0.9531623307222966,0,0,0,0.9470529514164638,0,0,0,0.8543645634060051,0,0,0,0.956379822509254,0,0,0,0.956467436742478,0,0,0,0.8309046044101799,0,0.9528616308542228,0,0.957323376588962,0,ZNF436,LogisticRegression,mono,860,-0.957323376588962,-0.952672957473258
504,36,0.9309820618921396,0,0.9511835548172758,0,0.9224255751001038,0,0.9338569236288264,0,0,0,0.9517909053156146,0,0,0,0.9047796637132236,0,0,0,0.5360979302708467,0,0,0,0.9437888304088604,0,0,0,0.8139696783486706,0,0,0,0.4859579013666781,0,0.9389071010632384,0,0.8450125107076256,0,SLC2A4RG,LogisticRegression,mono,768,-0.8450125107076256,-0.9224255751001038
512,20,0.8421923700827406,0,0.8599506342078223,0,0.7645355803741751,0,0.8806273007693424,0,0,0,0.8995379636920743,0,0,0,0.7943039536202179,0,0,0,0.2305356693115956,0,0,0,0.8456038562512885,0,0,0,0.6881784095571827,0,0,0,0.1414596754846621,0,0.7825304008310849,0,0.6041829109431436,0,ZBTB41,LogisticRegression,mono,1343,-0.6041829109431436,-0.7645355803741751
520,24,0.9793933830638648,0,0.9722320778363,0,0.8436251895654906,0,0.9840719574173792,0,0,0,0.9787480735685132,0,0,0,0.8944372252234385,0,0,0,0.8927093489009599,0,0,0,0.976983881539672,0,0,0,0.8459667573258325,0,0,0,0.8789230370589337,0,0.9714797314051205,0,0.8319922278386082,0,FIZ1,LogisticRegression,mono,1096,-0.8319922278386082,-0.8436251895654906
528,20,0.9289675890380366,0,0.937389280633389,0,0.9312782776015394,0,0.927412163794784,0,0,0,0.9269261458526628,0,0,0,0.894773519163763,0,0,0,0.7928554065262702,0,0,0,0.9363105943328018,0,0,0,0.9124314181458284,0,0,0,0.6910420564958577,0,0.9304573006111052,0,0.8903857398611328,0,ZNF250,LogisticRegression,mono,1275,-0.8903857398611328,-0.9312782776015394
536,30,0.9133540833048676,0,0.8954489980000063,0,0.8560700622157011,0,0.955721748234613,0,0,0,0.9354014696733082,0,0,0,0.8727372514017492,0,0,0,0.3637631464129331,0,0,0,0.8843751002845315,0,0,0,0.7704754479821275,0,0,0,0.200631464825008,0,0.7563095681309131,0,0.5890968821030466,0,CXXC4,LogisticRegression,mono,3232,-0.5890968821030466,-0.8560700622157011
544,26,0.9798962012296598,0,0.9811827059912018,0,0.8380067567567567,0,0.9835684772559168,0,0,0,0.9834859718076464,0,0,0,0.7569922194922195,0,0,0,0.8935329468717055,0,0,0,0.9788324049873957,0,0,0,0.5883438280480195,0,0,0,0.8758568766947377,0,0.9550946420351664,0,0.3539136537514098,0,ZNF233,LogisticRegression,mono,2169,-0.3539136537514098,-0.8380067567567567
552,20,0.9171619715528574,0,0.942743869936034,0,0.7932897752094553,0,0.9176614327384748,0,0,0,0.9343283582089552,0,0,0,0.7956899484811499,0,0,0,0.6560774373394197,0,0,0,0.9339421728672512,0,0,0,0.6845993543576663,0,0,0,0.5591422066590592,0,0.9232118840013512,0,0.6713386020195037,0,ZNF142,LogisticRegression,mono,336,-0.6713386020195037,-0.7932897752094553
560,35,0.9658033575298904,0,0.9693951427451514,0,0.8122540107726572,0,0.970713944542498,0,0,0,0.97418856478458,0,0,0,0.7963489808962653,0,0,0,0.5877740837528318,0,0,0,0.9607888394346688,0,0,0,0.6859228780207453,0,0,0,0.5193502234142706,0,0.9492623750200292,0,0.6429280900811921,0,MYF6,LogisticRegression,mono,7995,-0.6429280900811921,-0.8122540107726572
568,68,0.8574746840613878,0,0.8567716165102903,0,0.7472884823960236,0,0.9197331715024396,0,0,0,0.9129596156095118,0,0,0,0.7642098462367856,0,0,0,0.1813160780477068,0,0,0,0.8512710644036909,0,0,0,0.5930919533052368,0,0,0,0.1024311805103894,0,0.7604436112882417,0,0.5859147645536334,0,SOX2,LogisticRegression,mono,5603,-0.5859147645536334,-0.7472884823960236
576,30,0.9342663558792924,0,0.8976171599718111,0,0.6997354878032457,0,0.9691609240374608,0,0,0,0.9261502063827644,0,0,0,0.6382017764864989,0,0,0,0.6343898772637635,0,0,0,0.8507898885789807,0,0,0,0.4852550660053329,0,0,0,0.400508358972207,0,0.8298385440713746,0,0.4496335246859367,0,ZNF500,LogisticRegression,mono,645,-0.4496335246859367,-0.6997354878032457
584,34,0.9747424863663666,0,0.8481830373205116,0,0.7899445453046716,0,0.9773504098993115,0,0,0,0.8588133320249893,0,0,0,0.7643039739599669,0,0,0,0.9534152396565068,0,0,0,0.973021553555658,0,0,0,0.6726728779198816,0,0,0,0.953557674330794,0,0.9725372808550682,0,0.6870300882229269,0,FLYWCH1,LogisticRegression,mono,774,-0.6870300882229269,-0.7899445453046716
592,28,0.817657129623686,0,0.8487286325358447,0,0.7899540447766819,0,0.8698680856924688,0,0,0,0.8904976219036552,0,0,0,0.8012949755904173,0,0,0,0.1808887162670464,0,0,0,0.8278482698437386,0,0,0,0.6728449910014445,0,0,0,0.1469784854136631,0,0.7201035964708705,0,0.5600928833724594,0,PRDM5,LogisticRegression,mono,3708,-0.5600928833724594,-0.7899540447766819
600,20,0.9399836127519507,0,0.946958378968314,0,0.9316672593802412,0,0.943411804599427,0,0,0,0.95018525176039,0,0,0,0.9258092735526812,0,0,0,0.3077501996616611,0,0,0,0.9101257130394208,0,0,0,0.836807159845744,0,0,0,0.2892332808352196,0,0.8926527912191299,0,0.7878670320927087,0,FAM200B,LogisticRegression,mono,887,-0.7878670320927087,-0.9316672593802412
608,28,0.9105987818724228,0,0.9105731780315608,0,0.7919395549985339,0,0.9307990490334316,0,0,0,0.9287674206794542,0,0,0,0.7746232640329915,0,0,0,0.162296792627627,0,0,0,0.8552730503179733,0,0,0,0.6389489752866971,0,0,0,0.1072822694529687,0,0.8130996086748264,0,0.6478752255888454,0,ZNF831,LogisticRegression,mono,4962,-0.6478752255888454,-0.7919395549985339
616,20,0.9568698923514046,0,0.9640519036301916,0,0.7467081943209544,0,0.9663342455294968,0,0,0,0.9709247339533292,0,0,0,0.7610869794893164,0,0,0,0.4820576150095186,0,0,0,0.9541428960578104,0,0,0,0.6228131305151385,0,0,0,0.4198244377691977,0,0.9421293495370732,0,0.5813395892641358,0,ZBED9,LogisticRegression,mono,7744,-0.5813395892641358,-0.7467081943209544
624,33,0.9479201776998276,0,0.9546462921743084,0,0.7655841058430204,0,0.9583818413547606,0,0,0,0.9618240982808584,0,0,0,0.7581978727329798,0,0,0,0.417695325034764,0,0,0,0.935358175089816,0,0,0,0.6890104596623576,0,0,0,0.3831868279106411,0,0.9147424617970592,0,0.67135453438108,0,YY1,LogisticRegression,mono,8195,-0.67135453438108,-0.7655841058430204
632,32,0.957357458847492,0,0.9458904725249696,0,0.8211012252038266,0,0.9670529162373004,0,0,0,0.9567761559417544,0,0,0,0.8207410924764627,0,0,0,0.3299428498016442,0,0,0,0.9085639731014704,0,0,0,0.6807252562702674,0,0,0,0.2819497542686194,0,0.8976065337122219,0,0.5897253029449775,0,MAX,LogisticRegression,mono,12534,-0.5897253029449775,-0.8211012252038266
640,52,0.8305667608323982,0,0.8424894615829266,0,0.7501668834725456,0,0.8895856581780718,0,0,0,0.88953627129709,0,0,0,0.7837087498288374,0,0,0,0.3326935807819178,0,0,0,0.8357842241542505,0,0,0,0.602729389737507,0,0,0,0.1693172858835921,0,0.7651739035180625,0,0.547005613021302,0,ZNF292,LogisticRegression,mono,4097,-0.547005613021302,-0.7501668834725456
648,32,0.897224631577271,0,0.9003943410716467,0,0.6136398976725521,0,0.9239877774864202,0,0,0,0.9299970116730952,0,0,0,0.6548179173354736,0,0,0,0.2355753272832917,0,0,0,0.8879117013164443,0,0,0,0.5363630376174825,0,0,0,0.2011331003465329,0,0.8365020572269801,0,0.5192963119323447,0,RORB,LogisticRegression,mono,3354,-0.5192963119323447,-0.6136398976725521
656,27,0.869478431753703,0,0.8277383524502869,0,0.8652183730497219,0,0.917394954696008,0,0,0,0.8788955348537452,0,0,0,0.8833932396950972,0,0,0,0.173292486034364,0,0,0,0.7853548140544383,0,0,0,0.8384726111983294,0,0,0,0.074605812033731,0,0.6782258955320211,0,0.7985488300157794,0,TET3,LogisticRegression,mono,2783,-0.7985488300157794,-0.8652183730497219
664,38,0.8845080032856579,0,0.8713266508538419,0,0.8152674577031056,0,0.9319500561483052,0,0,0,0.914036655967274,0,0,0,0.822739982678275,0,0,0,0.2580020737910646,0,0,0,0.8519737703072824,0,0,0,0.6898452539202907,0,0,0,0.0889556827745942,0,0.7263160873350503,0,0.7052436764791624,0,SP140L,LogisticRegression,mono,4031,-0.7052436764791624,-0.8152674577031056
672,34,0.8454124761936583,0,0.7898044427567875,0,0.7993304189435337,0,0.9343172174145477,0,0,0,0.8774254794000379,0,0,0,0.8820138433515483,0,0,0,0.633827122815255,0,0,0,0.8602772460221367,0,0,0,0.8825992863956241,0,0,0,0.501606445591328,0,0.7188325919985048,0,0.8570454578253298,0,ZFP3,LogisticRegression,mono,115,-0.8570454578253298,-0.7993304189435337
680,52,0.7444200281595417,0,0.7528248094936554,0,0.7594746462279138,0,0.8728711242123163,0,0,0,0.8821418844716273,0,0,0,0.8801208260828777,0,0,0,0.1661772386888146,0,0,0,0.8077822129075196,0,0,0,0.8011985571689376,0,0,0,0.0886736626909381,0,0.6251481834891887,0,0.5661026882117386,0,ZNF43,LogisticRegression,mono,9714,-0.5661026882117386,-0.7594746462279138
688,34,0.9486417513542326,0,0.943541363540982,0,0.5671461691070133,0,0.95347148267808,0,0,0,0.946447034585376,0,0,0,0.5728778238520132,0,0,0,0.674476131558008,0,0,0,0.9423316118183908,0,0,0,0.4154438231954955,0,0,0,0.5491427528251405,0,0.9345925998591282,0,0.417849595115949,0,ZNF35,LogisticRegression,mono,1705,-0.417849595115949,-0.5671461691070133
696,31,0.9082359252192966,0,0.910594388367889,0,0.8521884909908881,0,0.92615304596297,0,0,0,0.926642833456291,0,0,0,0.8670210351573145,0,0,0,0.2043684133275855,0,0,0,0.8645555272779506,0,0,0,0.7484891475064935,0,0,0,0.1631018444556842,0,0.7987956592716816,0,0.6843389089597249,0,GCM1,LogisticRegression,mono,5735,-0.6843389089597249,-0.8521884909908881
704,55,0.9087565205503878,0,0.9181696670300984,0,0.8238753198503549,0,0.926162746663843,0,0,0,0.931060303854475,0,0,0,0.8141894028261161,0,0,0,0.1759931144537106,0,0,0,0.8697190947147276,0,0,0,0.6883729541196972,0,0,0,0.1423516693255005,0,0.8454530273215746,0,0.6737057935103258,0,PRDM13,LogisticRegression,mono,6143,-0.6737057935103258,-0.8238753198503549
712,31,0.9836612814976388,0,0.9738563242749336,0,0.7637085178781126,0,0.9854563715013844,0,0,0,0.975179580895345,0,0,0,0.7238948117874414,0,0,0,0.7967110101017785,0,0,0,0.9685924751099222,0,0,0,0.6273515530145365,0,0,0,0.7309513864743624,0,0.9632578864920516,0,0.5827245172393214,0,TERF1,LogisticRegression,mono,695,-0.5827245172393214,-0.7637085178781126
720,20,0.784772864518262,0,0.8234032834808028,0,0.7598310061995204,0,0.8125833652891372,0,0,0,0.8037598204264871,0,0,0,0.7027030110848954,0,0,0,0.3742205279963957,0,0,0,0.7645257176600713,0,0,0,0.606239746636646,0,0,0,0.3986405344211265,0,0.7073788673097202,0,0.5629498896254035,0,RFX5,LogisticRegression,mono,774,-0.5629498896254035,-0.7598310061995204
728,33,0.98232012730977,0,0.98477847383991,0,0.840906426085883,0,0.9811990486093788,0,0,0,0.9834003233881796,0,0,0,0.8218418341661629,0,0,0,0.8476884205458404,0,0,0,0.9816383285014656,0,0,0,0.7520523775928661,0,0,0,0.8036911772234872,0,0.976866684119922,0,0.7012718831242333,0,DMTF1,LogisticRegression,mono,2737,-0.7012718831242333,-0.840906426085883
736,20,0.8190024594907407,0,0.8738109650639917,0,0.7873570374722612,0,0.8420388454861112,0,0,0,0.8801074455205811,0,0,0,0.7721397984160108,0,0,0,0.2615505259259671,0,0,0,0.8413768209833354,0,0,0,0.6305827325822634,0,0,0,0.2415934938539719,0,0.8015969414244924,0,0.6730225839106655,0,ZBTB8B,LogisticRegression,mono,224,-0.6730225839106655,-0.7873570374722612
744,47,0.9082586744411496,0,0.910033502452684,0,0.7001685276953535,0,0.9357540947632876,0,0,0,0.9348607634627756,0,0,0,0.6926456126380739,0,0,0,0.3006224055141976,0,0,0,0.892558670111461,0,0,0,0.5077321193438484,0,0,0,0.1595820840785562,0,0.620472092238981,0,0.3306892988629495,0,SOX15,LogisticRegression,mono,3394,-0.3306892988629495,-0.7001685276953535
752,20,0.8330471451730089,0,0.8701227063649158,0,0.7566167641095297,0,0.8691461728365433,0,0,0,0.8976383330280254,0,0,0,0.7776928257867843,0,0,0,0.1077253236747565,0,0,0,0.8327334562412714,0,0,0,0.6616707856929885,0,0,0,0.09924803517237,0,0.7894327511607366,0,0.6648373857472788,0,ZNF215,LogisticRegression,mono,1057,-0.6648373857472788,-0.7566167641095297
760,20,0.9186526767569771,0,0.9159320430107528,0,0.6460067556323374,0,0.9380169813023248,0,0,0,0.9292929032258064,0,0,0,0.6602384047248844,0,0,0,0.521837666371395,0,0,0,0.8914045836897572,0,0,0,0.5033315439488594,0,0,0,0.3983123637086974,0,0.8732569243621797,0,0.4884566224351894,0,BATF2,LogisticRegression,mono,775,-0.4884566224351894,-0.6460067556323374
768,47,0.7603943276545229,0,0.7765756447680748,0,0.8595693687168822,0,0.8841876826035251,0,0,0,0.8705230672433258,0,0,0,0.8849394855884984,0,0,0,0.1238024709506388,0,0,0,0.7657794572769925,0,0,0,0.7901798089702341,0,0,0,0.1530430368788533,0,0.6920038838705328,0,0.7651452625526071,0,ZNF335,LogisticRegression,mono,12096,-0.7651452625526071,-0.8595693687168822
776,47,0.945643445392972,0,0.9423135217882536,0,0.7904576547852228,0,0.9572949091782808,0,0,0,0.9538843963804712,0,0,0,0.8073108564663374,0,0,0,0.2583189671566463,0,0,0,0.9096041248231492,0,0,0,0.6601657809801198,0,0,0,0.2019437268824996,0,0.8630282355820798,0,0.5663106336169161,0,MYPOP,LogisticRegression,mono,3104,-0.5663106336169161,-0.7904576547852228
784,65,0.9809070382749469,0,0.9812763134482412,0,0.8520945723150732,0,0.9905628716570164,0,0,0,0.9887693724399882,0,0,0,0.8810066227316556,0,0,0,0.7566969053863184,0,0,0,0.9816725645191512,0,0,0,0.8596257683146514,0,0,0,0.5084304403006876,0,0.9535133832145976,0,0.8236269476035606,0,ZNF646,LogisticRegression,mono,7580,-0.8236269476035606,-0.8520945723150732
792,20,0.9884128341841038,0,0.9732212200749436,0,0.6801144717496325,0,0.9922315770632758,0,0,0,0.9786875209043135,0,0,0,0.6919108380592313,0,0,0,0.9352928854811648,0,0,0,0.9761811386102032,0,0,0,0.6826422264954375,0,0,0,0.9137068691977476,0,0.9735923867255486,0,0.6703718768444258,0,ZNF596,LogisticRegression,mono,421,-0.6703718768444258,-0.6801144717496325
800,20,0.8293615894370214,0,0.8602074507753101,0,0.5943085050462573,0,0.8880744022202034,0,0,0,0.8980353446115095,0,0,0,0.6836012973654899,0,0,0,0.3155740409711856,0,0,0,0.8535952303705723,0,0,0,0.5195468041604987,0,0,0,0.18114872282504,0,0.7020832920448006,0,0.4039048440009578,0,NR1H4,LogisticRegression,mono,701,-0.4039048440009578,-0.5943085050462573
808,25,0.8337570075182739,0,0.8545026486611975,0,0.7986535407454035,0,0.889568889917931,0,0,0,0.8956352867398101,0,0,0,0.8371426726539648,0,0,0,0.5395320105371549,0,0,0,0.8780262763978998,0,0,0,0.7625565086693605,0,0,0,0.5602767735356864,0,0.8248649219828103,0,0.7238141467318939,0,ZNF606,LogisticRegression,mono,822,-0.7238141467318939,-0.7986535407454035
816,28,0.9921653911347534,0,0.9927065349776382,0,0.8888926203484503,0,0.993063182249624,0,0,0,0.9935588483291502,0,0,0,0.8562258060301486,0,0,0,0.7861141887318289,0,0,0,0.9884627910258212,0,0,0,0.8129645014823291,0,0,0,0.7466017445642757,0,0.9851525150573832,0,0.8003075493364789,0,USF3,LogisticRegression,mono,8754,-0.8003075493364789,-0.8888926203484503
824,20,0.8432945782827211,0,0.8313541293650305,0,0.6581785833425998,0,0.930151129208561,0,0,0,0.9128545973758044,0,0,0,0.7103551300134022,0,0,0,0.1685061534716917,0,0,0,0.8308431276105365,0,0,0,0.5754740086693444,0,0,0,0.0542172827196382,0,0.6831202907561936,0,0.4995839972774324,0,SP140,LogisticRegression,mono,2603,-0.4995839972774324,-0.6581785833425998
832,20,0.9849804604230316,0,0.9842964785600536,0,0.9626409342670672,0,0.9878132310269194,0,0,0,0.9871086063104912,0,0,0,0.9661494874543092,0,0,0,0.6359673561058415,0,0,0,0.9762396440837184,0,0,0,0.9493624351830396,0,0,0,0.5799754390379871,0,0.9707868780339086,0,0.9418958607677108,0,ZIM3,LogisticRegression,mono,6791,-0.9418958607677108,-0.9626409342670672
840,35,0.9417581244661836,0,0.9415877285147234,0,0.9333478067543268,0,0.9535832153800772,0,0,0,0.9486802984256296,0,0,0,0.9247258244651216,0,0,0,0.6056129017310223,0,0,0,0.9410622805832632,0,0,0,0.875643404992539,0,0,0,0.535101006025292,0,0.9242317477478892,0,0.8115836530126572,0,CGGBP1,LogisticRegression,mono,1147,-0.8115836530126572,-0.9333478067543268
848,41,0.9694111909199422,0,0.9703048722927564,0,0.8707635077013672,0,0.9686316001088936,0,0,0,0.9697975815123016,0,0,0,0.8550619376575344,0,0,0,0.8609769614563507,0,0,0,0.973780926508546,0,0,0,0.8573720196429019,0,0,0,0.8515303803370636,0,0.9726752575543152,0,0.8579306209413141,0,ZBTB47,LogisticRegression,mono,4136,-0.8579306209413141,-0.8707635077013672
856,20,0.9806099875897516,0,0.9846642709292937,0,0.8884897337116872,0,0.9859967679908545,0,0,0,0.9880492753263715,0,0,0,0.8909548945419029,0,0,0,0.6511162235409436,0,0,0,0.9838019995306884,0,0,0,0.8422005769343087,0,0,0,0.4830328258121554,0,0.9714791438546648,0,0.7967554231470118,0,ZNF18,LogisticRegression,mono,4663,-0.7967554231470118,-0.8884897337116872
864,38,0.9431513609272072,0,0.9373465121202498,0,0.8027180900631998,0,0.948570738604807,0,0,0,0.942818131112034,0,0,0,0.8011496802111161,0,0,0,0.3440431056825541,0,0,0,0.9177441816822092,0,0,0,0.7198323004452609,0,0,0,0.2956705946852499,0,0.8962555351543003,0,0.6968473666437462,0,ZBED2,LogisticRegression,mono,1608,-0.6968473666437462,-0.8027180900631998
872,39,0.9734271941282135,0,0.9717332800988548,0,0.9796319105570624,0,0.986658934929896,0,0,0,0.9844970673600376,0,0,0,0.9837010507401804,0,0,0,0.6900723232283271,0,0,0,0.973434212053468,0,0,0,0.9790408526656594,0,0,0,0.4951743050132172,0,0.94445057088007,0,0.965136170842002,0,ZNF865,LogisticRegression,mono,11323,-0.965136170842002,-0.9796319105570624
880,20,0.8150965391340814,0,0.7728897811327676,0,0.5749494905641532,0,0.844348945158231,0,0,0,0.8175738608844678,0,0,0,0.6383000000121952,0,0,0,0.2760102704405424,0,0,0,0.7564820395629606,0,0,0,0.455079627665158,0,0,0,0.1951556507120089,0,0.6608393388694859,0,0.3315452674700866,0,ZNF66,LogisticRegression,mono,598,-0.3315452674700866,-0.5749494905641532
888,35,0.8592511386059909,0,0.8468028324330675,0,0.6234316087299232,0,0.9368858074049136,0,0,0,0.921489964461082,0,0,0,0.7211835596225719,0,0,0,0.5134406322748658,0,0,0,0.8859256700154508,0,0,0,0.6079482974972712,0,0,0,0.4028690204712526,0,0.782112112772431,0,0.6326668045608707,0,ZNF699,LogisticRegression,mono,617,-0.6326668045608707,-0.6234316087299232
896,20,0.9056441857874804,0,0.8926557927354106,0,0.8933560396785535,0,0.9259048340387614,0,0,0,0.9168506273227144,0,0,0,0.8313661476644902,0,0,0,0.7261086053926993,0,0,0,0.913716421801991,0,0,0,0.8353194351829113,0,0,0,0.7157675400661199,0,0.8948284903276968,0,0.8361229507169238,0,ZNF696,LogisticRegression,mono,629,-0.8361229507169238,-0.8933560396785535
904,26,0.7266413633551789,0,0.7221841651940891,0,0.8010805840380893,0,0.7530928219521089,0,0,0,0.7457225723821735,0,0,0,0.7910848053901945,0,0,0,0.1765877778039004,0,0,0,0.6881945746383403,0,0,0,0.7539014083619381,0,0,0,0.1335505342283297,0,0.6489169453039588,0,0.68426201469945,0,ZNF665,LogisticRegression,mono,3783,-0.68426201469945,-0.8010805840380893
912,38,0.9458670190858766,0,0.9498301790295616,0,0.8236704730870347,0,0.940132003440008,0,0,0,0.946580838418976,0,0,0,0.8808679515144673,0,0,0,0.630568839743358,0,0,0,0.9444415595925018,0,0,0,0.8507944549788918,0,0,0,0.6560940325247445,0,0.9311626896493764,0,0.8539482498506062,0,ZNF518B,LogisticRegression,mono,6451,-0.8539482498506062,-0.8236704730870347
920,20,0.8553906775432688,0,0.8692959184407106,0,0.9326492267668738,0,0.8708995464224438,0,0,0,0.8775701683300415,0,0,0,0.9349906055788408,0,0,0,0.4325933711681486,0,0,0,0.858866369224274,0,0,0,0.920097759235278,0,0,0,0.3794982456718526,0,0.8308055966156898,0,0.9106283893386776,0,ZNF678,LogisticRegression,mono,994,-0.9106283893386776,-0.9326492267668738
928,25,0.9549841619036348,0,0.9634268583822068,0,0.8486317599125884,0,0.9572624008362418,0,0,0,0.9652641038595724,0,0,0,0.837882194422795,0,0,0,0.5856201885816772,0,0,0,0.954709930074189,0,0,0,0.7847351672135486,0,0,0,0.5633154102689979,0,0.9484670904599914,0,0.7825127986448004,0,ZNF732,LogisticRegression,mono,2980,-0.7825127986448004,-0.8486317599125884
936,20,0.8756647770092923,0,0.8661515053713864,0,0.6142891770694462,0,0.9051404249315974,0,0,0,0.8714408225367698,0,0,0,0.5699107178927807,0,0,0,0.6177251969932368,0,0,0,0.8409716061471424,0,0,0,0.4988011622369332,0,0,0,0.3831363755809082,0,0.8261580761621492,0,0.5264517129026031,0,ZNF772,LogisticRegression,mono,529,-0.5264517129026031,-0.6142891770694462
944,55,0.922660383897644,0,0.8951126767053833,0,0.8523177742699114,0,0.9535350084744716,0,0,0,0.919369453066686,0,0,0,0.8802132568941371,0,0,0,0.4747116370186531,0,0,0,0.8398437105933259,0,0,0,0.8231533453372865,0,0,0,0.3657200869236693,0,0.7304267001602294,0,0.7096271408162347,0,ZNF721,LogisticRegression,mono,9800,-0.7096271408162347,-0.8523177742699114
952,20,0.9018858623721596,0,0.9047381269418552,0,0.8484175803711597,0,0.9155919015225136,0,0,0,0.9086529613631688,0,0,0,0.8255902743573837,0,0,0,0.5812018803208782,0,0,0,0.8903448236582742,0,0,0,0.7122527396221042,0,0,0,0.5489080082169094,0,0.8515111860620123,0,0.7277417393754649,0,ZNF676,LogisticRegression,mono,751,-0.7277417393754649,-0.8484175803711597
960,20,0.8730597931131544,0,0.8899948055705325,0,0.780416850519332,0,0.8932442648714579,0,0,0,0.9036170324684718,0,0,0,0.7942273067732687,0,0,0,0.3085357134451734,0,0,0,0.8710942891333618,0,0,0,0.6607068239591937,0,0,0,0.2079834585993707,0,0.8260951727128637,0,0.5897917006881472,0,ZNF70,LogisticRegression,mono,1240,-0.5897917006881472,-0.780416850519332
968,48,0.8764292839003428,0,0.8867862846326929,0,0.8217288196733781,0,0.9026183742453034,0,0,0,0.9097425758532964,0,0,0,0.8446579491672914,0,0,0,0.5277260140020884,0,0,0,0.9015277132886488,0,0,0,0.8173973491363897,0,0,0,0.492214648741447,0,0.8818797690399384,0,0.7955463012509566,0,ZNF724,LogisticRegression,mono,4201,-0.7955463012509566,-0.8217288196733781
976,20,0.9547919678005437,0,0.9661491380228542,0,0.9247339877066464,0,0.9539350858688028,0,0,0,0.967429740874302,0,0,0,0.9334345980651972,0,0,0,0.7619892751709928,0,0,0,0.9663092698844958,0,0,0,0.9137244392128748,0,0,0,0.6865164768993198,0,0.9506118630436392,0,0.8967037046319942,0,ZNF575,LogisticRegression,mono,1153,-0.8967037046319942,-0.9247339877066464
984,30,0.895386671766248,0,0.8830096200785856,0,0.9314341747963392,0,0.9423356082246688,0,0,0,0.9307562583424652,0,0,0,0.9823996781655436,0,0,0,0.7421603279538603,0,0,0,0.9436860912843996,0,0,0,0.9879691070890892,0,0,0,0.5618754085949764,0,0.8480089229833426,0,0.950253776108039,0,ZNF814,LogisticRegression,mono,1036,-0.950253776108039,-0.9314341747963392
992,29,0.8973786140170656,0,0.8834656649522132,0,0.5946018531055829,0,0.9354273864528004,0,0,0,0.92370272813505,0,0,0,0.5440033876929343,0,0,0,0.5895259089051403,0,0,0,0.9049516535698094,0,0,0,0.4334485964803048,0,0,0,0.4836004612393144,0,0.7711431085774837,0,0.3822500805396837,0,ZNF551,LogisticRegression,mono,733,-0.3822500805396837,-0.5946018531055829
1000,20,0.8945938396457135,0,0.8865402607725198,0,0.8346394403091549,0,0.8984807265847048,0,0,0,0.890468739950193,0,0,0,0.8343908988251834,0,0,0,0.4940419198505638,0,0,0,0.8778753682325275,0,0,0,0.8129684750243749,0,0,0,0.4721198979674857,0,0.8730233640567839,0,0.810241390046901,0,ZNF689,LogisticRegression,mono,2213,-0.810241390046901,-0.8346394403091549
1008,39,0.9216069569724156,0,0.9332931269829784,0,0.8594443372564152,0,0.9400314281530898,0,0,0,0.9490831235121912,0,0,0,0.8986349604476171,0,0,0,0.5555816674156983,0,0,0,0.9407954995467014,0,0,0,0.8736757631797678,0,0,0,0.4061446751999397,0,0.9165461697925722,0,0.7982387143212608,0,ZNF672,LogisticRegression,mono,2866,-0.7982387143212608,-0.8594443372564152
1016,20,0.9325238473000912,0,0.949704503290729,0,0.7258445019384904,0,0.947725536833741,0,0,0,0.9647287110959804,0,0,0,0.7470082972009044,0,0,0,0.5819509932655964,0,0,0,0.9542636663995354,0,0,0,0.6953757547304501,0,0,0,0.5166798602401966,0,0.929345828317262,0,0.6880142626084292,0,ZNF850,LogisticRegression,mono,2836,-0.6880142626084292,-0.7258445019384904
1024,36,0.9005488526560267,0,0.8696776518282096,0,0.824484748536212,0,0.9450863819923916,0,0,0,0.9003265340634725,0,0,0,0.8576573862367015,0,0,0,0.3116903525844592,0,0,0,0.8471121562641198,0,0,0,0.7593509940360083,0,0,0,0.1532828476137498,0,0.62648017953921,0,0.4454816029957359,0,ZNF800,LogisticRegression,mono,4053,-0.4454816029957359,-0.824484748536212
1032,20,0.847777125,0,0.7309208116621493,0,0.5495320119553249,0,0.92269375,0,0,0,0.8717163577759871,0,0,0,0.7528905143935819,0,0,0,0.6108055560459406,0,0,0,0.8317949079313772,0,0,0,0.7124213110662463,0,0,0,0.2467103973032492,0,0.6788473486657692,0,0.4357393369137537,0,ZNF773,LogisticRegression,mono,187,-0.4357393369137537,-0.5495320119553249
1040,22,0.9618868782192156,0,0.9619019424824582,0,0.628705296145119,0,0.960606807625222,0,0,0,0.9606543204716816,0,0,0,0.6125690517742493,0,0,0,0.5626882827953937,0,0,0,0.9418510935095824,0,0,0,0.4983887033158323,0,0,0,0.5433500813576917,0,0.8976988438294675,0,0.4621589037629894,0,MGA,LogisticRegression,mono,2556,-0.4621589037629894,-0.628705296145119
1048,20,0.8900221167788491,0,0.8900408144740638,0,0.8728190823196696,0,0.9288124643846516,0,0,0,0.9149509351020686,0,0,0,0.8244763515243017,0,0,0,0.6273458859798139,0,0,0,0.8877632969973526,0,0,0,0.7399790470960229,0,0,0,0.4617326530992786,0,0.8618531037032212,0,0.7996522523566792,0,ZNF623,LogisticRegression,mono,397,-0.7996522523566792,-0.8728190823196696
1056,22,0.8666505278406519,0,0.8955849072106155,0,0.7993569094276208,0,0.8865938542326844,0,0,0,0.898735783148689,0,0,0,0.7983722250560192,0,0,0,0.3965510335061678,0,0,0,0.8810851152696793,0,0,0,0.6823046263395672,0,0,0,0.3362897352703811,0,0.8547434422205847,0,0.623901368264393,0,TTF1,LogisticRegression,mono,914,-0.623901368264393,-0.7993569094276208
1064,20,0.9618419479497964,0,0.9634545214996773,0,0.985494344365312,0,0.9631438357101328,0,0,0,0.964314226979143,0,0,0,0.9848135735232508,0,0,0,0.6555986756831446,0,0,0,0.960298145453492,0,0,0,0.9801257917018495,0,0,0,0.6255100827366316,0,0.9582379350426864,0,0.9825563381152256,0,ZNF286B,LogisticRegression,mono,3160,-0.9825563381152256,-0.985494344365312
1072,20,0.8871434970826876,0,0.9053080073457658,0,0.63201671201115,0,0.928599929454614,0,0,0,0.9385818955791986,0,0,0,0.7206953120329528,0,0,0,0.4575851519627026,0,0,0,0.9154889803313426,0,0,0,0.5965784649503748,0,0,0,0.2936626597863617,0,0.8396856357714289,0,0.5248307242265671,0,ZNF700,LogisticRegression,mono,1222,-0.5248307242265671,-0.63201671201115
1080,20,0.9409335946627926,0,0.9575777109880524,0,0.8386988212051272,0,0.9467363031985284,0,0,0,0.9599739892131736,0,0,0,0.8640878001957746,0,0,0,0.5191184640558945,0,0,0,0.9401552897480284,0,0,0,0.7624620293063036,0,0,0,0.372231665625073,0,0.9215237915098168,0,0.7076259793462729,0,ZNF746,LogisticRegression,mono,2011,-0.7076259793462729,-0.8386988212051272
1088,24,0.7309084795321638,0,0.7846496172011829,0,0.6664077410377357,0,0.8038367728531856,0,0,0,0.8540271172181444,0,0,0,0.7826488942303574,0,0,0,0.3596085592836791,0,0,0,0.8271539585076009,0,0,0,0.7070491046521511,0,0,0,0.2246592989695485,0,0.7392603004295185,0,0.6133427145109371,0,ZNF728,LogisticRegression,mono,1018,-0.6133427145109371,-0.6664077410377357
1096,40,0.8102586698012842,0,0.8040556283123218,0,0.6518227278412181,0,0.8850388125470582,0,0,0,0.886349807187044,0,0,0,0.7397121113969294,0,0,0,0.2738272625059979,0,0,0,0.8135130912621852,0,0,0,0.6120822565909106,0,0,0,0.1766894698955329,0,0.6508041191080014,0,0.6241955625700776,0,ZNF845,LogisticRegression,mono,2386,-0.6241955625700776,-0.6518227278412181
1104,29,0.9589921664975344,0,0.9548424889283156,0,0.8182793965414835,0,0.959958144172052,0,0,0,0.9576802747284296,0,0,0,0.8366707960697134,0,0,0,0.5512099968271278,0,0,0,0.9426795359552684,0,0,0,0.7745755419272371,0,0,0,0.4800208595191748,0,0.9337958932107314,0,0.7803041822720347,0,ZNF683,LogisticRegression,mono,977,-0.7803041822720347,-0.8182793965414835
1112,20,0.9634098099505788,0,0.9602931200137224,0,0.9152007279881323,0,0.9681244395557131,0,0,0,0.9637264200327684,0,0,0,0.9212969167815602,0,0,0,0.3302720575554538,0,0,0,0.9214515420355786,0,0,0,0.8596514934226103,0,0,0,0.2708447402775549,0,0.911907093089166,0,0.8511056492762862,0,ZNF775,LogisticRegression,mono,5108,-0.8511056492762862,-0.9152007279881323
1120,20,0.888161767172578,0,0.8782642975916896,0,0.7862976874455514,0,0.9334959698437174,0,0,0,0.9118601971738006,0,0,0,0.8067323080040637,0,0,0,0.3964083129627709,0,0,0,0.8526100720547432,0,0,0,0.7365234951530566,0,0,0,0.2980071829125565,0,0.7413151873950684,0,0.6514753327597834,0,ZNF57,LogisticRegression,mono,1425,-0.6514753327597834,-0.7862976874455514
1128,47,0.8058654729712056,0,0.8040099820286617,0,0.7974250817649846,0,0.9094124825180214,0,0,0,0.898647918333949,0,0,0,0.818498951961896,0,0,0,0.4330572186799793,0,0,0,0.8668976393151863,0,0,0,0.7776424805483834,0,0,0,0.2608933350852248,0,0.7236000574030734,0,0.7614110136542596,0,ZNF836,LogisticRegression,mono,4142,-0.7614110136542596,-0.7974250817649846
